5
435 2066
0 53
0 135
0 234
0 281
0 305
0 330
1 10
1 23
1 249
1 257
2 37
2 135
2 375
2 419
2 428
3 75
3 116
3 352
4 258
5 174
5 199
5 223
6 344
7 85
7 105
8 37
8 103
8 348
9 77
9 152
9 281
9 284
9 335
10 24
10 30
10 58
10 74
10 316
10 417
11 162
11 259
11 310
11 359
11 396
12 127
12 205
12 222
12 269
12 413
13 56
13 93
13 220
13 261
13 365
13 375
14 258
14 280
14 334
14 340
14 362
14 383
15 14
15 177
15 373
16 98
16 180
16 223
16 278
17 82
17 275
17 385
18 213
18 248
18 322
19 203
19 354
19 387
20 53
20 130
20 192
20 272
20 352
20 358
20 369
21 107
21 177
21 186
22 20
22 118
22 132
22 141
22 150
22 167
22 342
23 60
23 142
23 158
23 206
24 143
24 263
24 348
24 379
24 432
25 75
25 244
25 290
25 314
25 320
26 42
26 53
26 55
26 143
26 208
26 382
26 433
27 261
28 146
28 229
28 245
28 374
28 430
29 33
29 74
29 87
29 117
29 172
29 183
29 434
30 102
30 105
30 111
30 205
30 348
30 417
31 150
31 154
31 301
31 418
32 63
32 97
32 118
32 227
32 399
33 220
33 267
33 300
33 333
34 161
34 270
34 281
34 365
35 16
35 44
35 71
35 103
35 137
35 149
35 312
36 8
36 107
36 153
36 255
36 324
36 339
37 10
37 135
37 143
37 147
37 167
37 220
37 244
37 249
37 292
37 356
38 55
38 69
38 223
38 367
38 371
38 394
38 419
39 35
39 114
39 255
39 306
39 398
40 97
40 174
40 316
41 28
41 39
41 60
41 71
41 148
41 154
41 201
41 321
42 72
42 193
42 194
43 56
43 77
43 94
43 234
43 273
43 282
43 324
44 10
44 46
44 186
44 423
44 425
45 100
45 139
46 70
46 298
46 359
47 59
47 155
47 291
48 41
48 49
48 82
48 154
48 314
48 382
49 163
49 336
50 225
50 258
50 361
51 5
51 22
51 29
51 90
51 251
52 40
52 119
52 163
52 214
52 219
53 24
53 330
53 403
54 84
54 206
54 218
54 302
54 356
55 91
55 94
55 153
55 395
56 18
56 47
56 59
56 230
56 410
57 17
57 175
57 201
57 222
57 246
57 371
57 400
58 38
58 144
58 241
58 327
58 329
58 347
59 5
59 54
59 195
59 256
59 258
59 264
59 316
60 46
60 55
60 70
60 203
60 204
60 300
60 427
61 14
61 208
61 245
61 329
61 365
61 370
62 78
62 102
62 149
62 196
62 221
62 240
62 275
63 22
63 102
63 125
63 231
63 252
63 431
64 72
64 263
64 356
64 372
64 377
64 432
65 144
65 255
65 358
65 375
65 405
66 18
66 150
66 165
66 302
67 55
67 212
67 258
67 275
67 279
67 338
67 431
68 30
68 49
68 110
68 170
68 238
68 292
69 145
69 171
69 344
69 396
70 178
70 198
70 290
70 327
70 371
70 384
70 428
71 46
71 270
71 372
71 405
72 107
72 208
72 317
72 430
73 66
73 92
73 143
74 160
74 238
74 307
74 387
74 417
75 265
75 410
76 406
76 415
77 146
77 345
77 359
77 414
77 426
78 37
78 167
78 282
78 424
79 152
79 240
79 292
79 374
80 90
80 250
80 323
80 347
80 397
81 199
81 281
81 404
82 38
82 57
82 126
82 265
82 272
83 26
83 49
83 157
83 270
83 366
84 101
84 195
84 255
84 356
85 87
85 103
85 186
85 426
86 43
86 45
86 113
87 166
87 297
88 49
88 57
88 75
88 346
88 376
88 409
89 49
89 85
89 94
89 120
89 142
89 166
89 219
89 266
90 0
90 19
90 118
90 170
90 205
91 82
91 248
91 255
91 315
91 348
91 426
92 154
92 177
92 199
92 295
93 12
94 113
94 182
95 12
95 159
95 182
95 283
95 377
95 386
96 80
96 88
96 272
97 169
97 269
97 302
97 318
98 56
98 193
98 204
99 86
100 346
101 23
101 71
101 114
101 140
101 227
102 74
102 141
102 146
102 196
102 224
102 362
102 389
103 106
103 107
103 390
104 75
105 37
105 143
105 200
105 261
105 337
105 369
106 61
106 137
106 277
106 300
106 367
106 385
107 254
107 300
107 361
107 420
108 26
108 159
108 412
109 8
109 26
109 55
109 114
109 166
109 270
109 281
109 302
109 317
110 125
110 129
110 163
110 198
110 260
110 304
110 312
110 358
110 376
111 43
111 51
111 270
111 281
111 321
112 104
112 213
112 231
112 241
112 341
112 342
112 364
113 14
113 27
113 79
113 100
113 146
113 225
113 236
114 108
114 112
114 290
114 298
114 394
114 432
115 28
115 92
115 250
115 323
116 1
116 92
116 128
116 147
116 148
116 234
117 110
117 160
117 192
117 318
117 342
117 361
118 29
118 49
118 172
118 207
118 225
118 310
119 223
119 310
120 14
120 191
120 308
120 399
120 421
121 12
121 75
121 150
121 204
121 222
121 355
122 38
122 75
122 114
122 428
123 109
123 171
123 185
123 247
123 282
124 9
124 29
124 86
124 179
124 187
124 215
124 263
124 276
124 330
124 361
124 389
124 408
125 45
125 107
125 216
125 219
125 317
125 339
125 408
126 201
126 220
126 245
126 360
127 55
127 319
127 330
128 90
128 121
128 320
129 1
129 138
129 288
129 313
129 339
129 342
130 187
130 196
130 312
130 401
130 408
130 433
131 16
131 88
131 146
131 432
132 51
132 57
132 72
132 126
132 128
132 259
132 320
133 125
133 139
133 383
133 423
134 38
134 205
134 223
134 236
134 259
135 81
135 108
135 116
135 240
135 251
135 315
135 342
135 389
135 391
135 396
136 13
136 180
136 374
137 16
137 41
137 112
137 363
137 428
138 43
138 158
138 244
138 308
138 417
139 214
139 267
139 316
140 88
140 195
140 259
140 349
140 367
141 24
141 105
141 273
142 4
143 3
143 98
143 145
143 261
143 391
143 394
144 47
144 68
144 249
144 290
144 296
144 345
145 7
145 14
145 77
145 125
145 222
145 246
145 278
146 32
146 180
146 262
146 293
146 306
146 419
147 83
147 84
147 102
147 431
148 1
148 8
148 56
148 63
148 173
148 179
148 382
149 170
149 311
149 347
150 118
150 199
150 205
150 236
150 244
150 290
150 302
151 39
151 82
151 117
151 118
151 156
151 204
152 76
152 153
152 175
153 39
153 229
153 230
154 46
154 269
154 273
154 414
154 418
155 104
155 150
155 198
155 273
155 306
155 346
155 356
155 374
156 26
156 31
156 33
156 116
156 267
156 372
156 430
157 136
157 149
157 206
157 250
157 288
157 410
158 62
158 221
158 239
158 333
159 191
159 337
160 101
160 209
160 341
160 390
160 413
161 93
161 301
161 379
162 35
162 211
162 285
162 301
162 328
162 412
162 414
163 57
163 82
163 140
163 185
163 262
163 320
164 91
164 202
164 249
164 378
165 188
166 48
166 88
166 144
166 205
166 329
166 369
166 426
167 19
167 160
167 164
167 260
167 281
167 322
168 249
168 412
169 67
169 278
169 374
170 92
170 242
170 277
170 308
171 12
171 37
171 104
171 149
171 191
171 217
171 255
172 1
172 44
172 103
172 119
172 161
172 162
172 236
172 283
172 384
172 391
172 434
173 17
173 62
173 81
173 209
173 344
174 180
174 246
174 349
174 358
175 208
175 253
175 346
175 358
175 390
175 410
175 418
176 14
176 104
176 120
176 122
176 204
176 258
176 282
177 91
177 182
177 390
177 416
178 161
178 316
178 335
178 411
179 121
179 184
179 298
179 336
179 345
179 351
179 397
180 44
180 126
180 128
180 424
181 61
181 84
181 186
182 82
182 418
183 221
183 271
183 277
183 281
183 353
183 382
184 363
184 389
185 150
185 177
186 14
186 59
186 109
186 204
186 224
186 257
186 277
186 337
186 395
186 399
187 125
187 140
187 171
187 214
187 224
187 301
188 2
188 67
188 99
188 207
188 250
188 416
189 50
189 266
189 297
189 336
189 353
189 419
190 37
190 57
190 176
190 265
191 87
191 184
191 280
191 343
191 384
192 99
192 193
192 265
192 289
193 20
193 182
193 202
193 376
193 407
194 89
194 98
194 163
194 216
194 299
195 306
195 424
196 24
196 161
196 170
196 208
197 256
197 276
197 318
198 89
198 112
198 128
198 336
198 406
198 428
199 17
199 19
199 285
199 346
199 351
199 365
200 38
200 118
200 192
200 274
200 423
201 36
201 106
201 107
201 134
202 41
202 120
202 131
202 336
203 312
203 394
204 23
204 30
204 59
204 101
204 102
204 167
204 254
204 265
204 327
204 384
205 59
205 73
205 155
205 360
206 103
206 237
206 260
206 338
207 387
207 391
207 434
208 249
208 292
208 386
208 417
209 107
209 137
209 269
209 276
209 320
209 335
210 2
210 6
210 9
210 39
210 261
210 267
210 330
211 26
211 46
211 61
212 58
212 87
212 128
212 221
213 331
214 100
214 111
215 217
215 223
215 296
215 398
215 405
215 406
216 54
216 199
216 267
216 325
216 352
217 14
217 35
217 115
217 288
217 360
217 424
218 264
218 288
218 340
219 29
219 37
219 77
219 159
219 226
219 293
219 375
219 404
220 121
220 161
220 172
220 224
220 265
221 5
221 169
221 417
222 4
222 94
222 130
222 165
222 187
222 216
222 326
222 336
222 366
222 369
223 23
223 62
223 83
223 178
223 261
224 19
224 61
224 209
225 69
225 150
225 196
225 199
225 306
226 354
227 29
227 60
227 89
227 93
227 124
227 398
228 29
228 48
228 372
229 123
229 138
229 140
230 192
230 322
231 2
231 36
231 137
231 165
231 253
231 255
231 297
231 357
231 421
232 7
232 18
232 141
232 184
232 234
232 265
232 269
233 26
233 141
233 176
233 199
233 300
233 336
234 174
234 298
235 4
235 85
235 108
235 170
235 225
235 226
235 351
236 301
237 210
238 0
238 42
238 102
238 108
238 189
238 211
238 341
238 342
239 194
239 324
239 382
240 39
240 185
240 230
240 282
240 294
240 309
241 265
241 414
242 129
242 168
242 181
242 187
242 196
243 14
243 25
243 74
243 367
243 397
243 421
244 74
244 119
244 159
244 183
244 354
245 48
245 101
245 122
245 160
245 358
246 19
246 45
246 51
246 53
247 213
247 431
248 38
248 106
248 185
248 313
248 315
249 2
249 3
249 25
249 89
249 137
249 199
249 255
250 334
250 378
250 381
250 407
251 42
251 66
251 208
251 233
251 303
252 82
252 106
252 269
252 318
252 388
253 120
253 294
253 385
254 165
254 196
254 210
254 239
254 395
255 25
255 94
255 220
255 233
255 420
256 19
256 132
256 154
256 155
256 191
256 250
256 322
256 399
256 407
256 426
257 149
257 281
258 71
258 116
258 210
258 242
259 158
259 274
259 292
259 321
259 332
259 414
260 124
260 128
260 160
260 218
260 237
260 247
260 291
260 333
260 336
261 127
261 229
261 269
261 383
261 391
262 5
262 91
262 134
262 233
262 310
262 387
262 390
263 25
263 49
263 86
263 87
263 100
263 126
263 173
263 333
264 157
264 289
264 321
264 389
265 15
265 65
265 217
265 278
265 402
266 23
266 114
266 126
266 132
266 150
266 154
266 252
266 254
266 308
266 363
267 10
267 68
267 87
267 102
267 219
268 13
268 14
268 37
268 273
268 286
269 231
269 320
269 382
270 316
271 151
271 225
271 305
271 322
271 429
272 34
272 80
272 103
272 234
272 287
272 394
273 122
273 138
273 211
273 226
273 245
273 353
273 369
274 47
274 134
274 169
274 359
274 372
274 388
274 406
275 114
275 161
275 164
275 246
275 292
275 353
276 114
276 170
276 176
276 225
276 235
276 282
276 372
277 44
277 88
277 200
277 298
278 101
278 122
278 340
278 369
278 390
279 71
279 112
279 170
279 212
279 244
279 280
280 274
281 243
281 267
281 336
282 9
282 160
283 58
283 223
283 386
283 399
284 38
284 46
284 176
284 275
284 342
284 383
284 392
285 138
285 190
285 332
286 34
286 88
286 102
286 117
286 157
286 205
287 7
287 24
287 126
287 142
287 248
287 320
287 366
287 409
288 191
288 246
288 333
289 33
289 322
289 382
290 68
290 112
290 153
290 278
291 37
291 59
291 356
292 2
292 14
292 129
292 173
292 251
292 302
292 324
292 410
292 414
293 5
293 204
293 237
293 255
293 289
293 356
294 37
294 41
294 170
294 276
294 300
294 373
295 156
295 161
295 181
295 213
295 367
295 387
296 18
296 26
296 98
296 143
296 173
296 179
296 248
296 250
296 427
297 127
297 143
297 360
297 423
297 428
298 11
298 125
298 132
298 308
298 333
298 384
299 101
299 110
299 124
299 229
299 349
300 16
300 335
301 81
301 178
301 420
302 317
303 13
303 60
303 94
303 268
303 276
303 374
304 2
304 54
304 56
304 80
304 231
304 289
304 366
305 45
305 237
305 238
305 332
305 429
306 78
306 101
306 108
306 180
306 209
306 356
307 14
307 20
307 73
307 90
307 125
307 191
308 237
308 330
308 370
309 373
310 398
311 216
311 256
311 314
311 394
311 418
312 88
312 114
312 271
313 28
313 116
313 243
313 255
313 262
313 373
314 29
314 63
314 87
314 153
314 200
314 349
315 33
315 87
315 94
315 226
315 293
315 370
316 0
316 32
316 42
316 101
316 231
316 241
316 329
316 349
316 372
317 54
317 66
317 285
317 292
317 330
317 397
318 23
318 39
318 409
319 29
319 104
319 156
320 54
320 91
320 113
320 214
320 255
320 350
320 353
320 361
320 414
321 197
321 384
322 5
322 102
322 394
323 8
323 10
323 169
323 199
323 370
323 371
323 425
324 13
324 168
324 182
324 365
325 59
325 152
325 224
326 11
326 16
326 41
326 94
326 199
326 259
326 314
327 63
327 173
327 254
327 296
327 343
327 401
328 18
328 207
328 377
328 379
329 34
329 276
329 412
330 159
330 216
331 94
331 261
332 63
332 301
333 6
333 40
333 62
333 67
334 82
334 152
334 211
334 248
334 313
335 287
336 25
336 286
337 151
337 284
338 33
338 123
338 150
338 247
338 330
338 366
338 413
338 428
339 398
340 19
340 59
340 181
340 307
341 3
341 14
341 184
341 244
341 289
341 321
341 337
341 393
342 14
342 23
342 103
342 113
342 265
342 369
343 83
343 113
343 176
343 212
343 284
343 308
343 409
343 416
344 166
344 208
344 315
344 325
344 346
345 3
345 19
345 51
345 126
345 158
345 295
345 364
346 95
346 243
346 270
346 316
346 321
346 358
347 72
347 200
347 218
347 226
347 239
348 5
348 12
348 119
348 302
348 379
349 88
349 145
349 247
349 355
349 398
349 426
350 1
350 112
350 120
350 129
350 217
350 276
350 358
351 180
351 181
351 240
351 310
352 9
352 96
352 175
352 275
352 295
353 76
353 101
353 157
353 248
353 249
354 65
354 348
355 10
355 87
355 92
355 361
355 424
356 118
356 279
356 406
357 420
357 428
357 434
358 4
358 199
358 236
358 325
358 334
359 126
359 249
360 120
360 152
360 232
360 319
360 402
361 64
361 210
361 242
361 415
362 1
362 25
362 123
362 221
362 228
362 229
362 353
363 48
363 135
363 416
364 76
364 117
364 381
365 38
365 71
365 247
366 169
366 199
366 205
366 227
366 415
367 35
367 100
367 296
367 344
368 150
368 227
368 233
368 245
368 341
368 378
368 412
369 82
369 91
369 115
369 171
369 174
369 225
369 230
369 232
369 308
369 326
369 332
369 414
369 422
370 75
370 270
370 274
371 4
371 34
371 90
372 35
372 102
372 326
372 345
373 122
373 363
374 198
374 339
374 352
375 145
375 183
375 209
375 368
375 420
375 430
376 128
376 233
377 27
377 79
377 209
377 279
377 345
378 21
378 73
378 356
379 33
379 58
379 197
379 386
380 81
380 116
380 167
380 346
380 396
380 402
380 431
381 14
381 56
381 66
381 137
381 373
381 413
382 127
382 167
383 99
383 111
383 278
383 362
383 411
384 32
384 133
384 188
384 265
385 176
385 202
385 234
385 265
385 287
385 352
385 401
386 376
386 395
387 252
388 9
388 44
388 63
388 400
389 87
389 94
389 111
389 294
389 320
390 195
390 403
391 20
391 23
391 349
392 46
392 158
392 177
392 196
392 288
392 357
393 50
393 152
393 351
393 389
394 8
394 80
394 189
394 295
394 427
395 23
395 148
395 159
395 161
395 270
395 384
395 419
396 38
396 317
396 368
397 15
397 67
397 75
397 146
397 197
397 248
397 373
398 125
398 306
398 350
399 114
399 137
399 140
399 183
400 26
400 80
400 220
400 391
400 411
401 10
401 58
401 299
401 330
401 356
401 382
402 51
402 80
402 181
402 227
402 258
402 335
403 112
403 181
403 209
403 307
403 376
403 427
404 362
404 378
405 16
405 60
405 85
405 175
405 287
405 416
405 420
406 63
406 128
406 203
406 223
406 238
406 296
406 410
407 162
407 386
407 399
407 406
408 250
408 272
408 274
408 340
408 371
408 411
409 44
409 105
409 126
409 144
409 271
409 310
409 325
409 399
410 29
410 32
410 206
410 275
410 338
411 191
411 334
412 256
413 166
413 207
413 344
413 376
414 19
414 58
414 152
414 213
414 245
414 289
414 341
414 411
414 428
415 143
415 208
416 173
416 241
417 305
417 354
417 356
417 366
417 397
418 18
418 19
418 194
418 281
418 297
418 414
419 7
419 10
419 18
419 125
419 204
419 370
420 202
420 318
420 320
420 397
421 2
421 21
421 65
421 113
421 136
421 198
421 228
421 285
422 68
422 72
422 281
422 372
423 42
423 184
423 288
424 20
424 354
425 6
425 318
425 325
425 359
426 5
426 12
426 139
426 195
426 202
426 211
426 233
426 334
427 88
427 127
427 155
427 235
427 270
427 277
428 16
428 174
428 391
429 15
429 40
429 126
429 287
429 388
429 422
430 112
430 225
430 326
430 419
431 21
431 54
431 96
431 343
431 347
431 389
432 23
432 147
432 183
432 214
432 247
432 338
432 356
432 380
433 176
433 388
434 20
434 88
434 97
434 235
434 299
434 378