13
156507 758
72 8663
101 15536
144 8410
206 17834
217 30293
252 17983
301 12465
465 25029
478 5528
516 5764
578 26906
648 9866
703 7004
764 10132
796 31979
818 9679
822 3049
837 23183
856 12063
889 1985
898 14045
910 1934
947 13916
969 6423
1009 4413
1056 17025
1086 30525
1167 28226
1175 1122
1271 6955
1320 9692
1390 19372
1402 28435
1416 6559
1558 11720
1577 23303
1649 1110
1652 17884
1691 7552
1699 15962
1786 6485
1825 3826
1927 7747
1969 25726
2032 14870
2061 15937
2122 29706
2190 23203
2213 29907
2240 20844
2284 2335
2317 959
2410 15303
2477 169
2511 2724
2545 23942
2563 14440
2646 16107
2697 23421
2751 6055
2760 19262
2796 13826
2798 17063
2830 8003
2841 25016
2849 880
2906 10691
2910 30829
2938 14421
3009 12485
3123 6483
3144 27321
3178 31000
3183 11920
3186 3636
3293 25497
3337 22895
3368 21099
3432 4998
3462 26981
3475 15152
3488 24502
3535 22646
3594 30908
3605 25055
3609 2599
3617 29497
3654 17105
3655 30111
3685 21267
3688 3837
3729 23048
3793 5676
3799 13818
3821 16234
3831 21768
3866 28306
3926 27846
3947 11712
4075 23324
4159 10938
4185 30998
4214 27267
4283 2584
4293 4237
4327 3551
4330 18778
4340 26881
4356 3797
4386 32480
4421 25466
4440 13004
4494 24379
4500 21925
4514 4360
4596 26446
4642 1530
4652 1863
4684 1385
4728 10538
4776 15962
4810 32388
4843 27943
5020 20352
5051 10703
5092 26991
5108 21772
5184 25516
5214 7706
5217 25619
5309 12229
5322 31229
5339 29415
5353 24667
5357 11801
5394 24431
5412 3996
5437 2739
5538 6537
5602 23280
5612 10495
5693 27676
5697 946
5757 25987
5784 23270
5792 13595
5836 2683
6005 18408
6056 4492
6215 12861
6383 5576
6454 28758
6459 27040
6615 3167
6701 25172
6726 23828
6788 2704
6801 25149
6808 13021
6838 27988
6926 16396
6965 27000
7175 27860
7181 24412
7208 10959
7220 17921
7222 28099
7299 16401
7365 12616
7430 15532
7434 2843
7437 26324
7465 20254
7519 17627
7590 17759
7593 3193
7608 26248
7634 4749
7711 475
7774 69
7900 20384
7934 24326
7941 29267
7970 28383
7975 29405
8024 12182
8074 16672
8076 29409
8142 29580
8210 27871
8222 24894
8262 8228
8305 21785
8375 3578
8395 17167
8492 7007
8530 5037
8619 5169
8649 1806
8731 29348
8746 8226
8854 5079
8923 20407
8954 25415
8973 25376
9073 9563
9083 12367
9116 6720
9168 30974
9177 10474
9210 11134
9233 28346
9323 25222
9341 9803
9400 2221
9464 1374
9473 6913
9563 24665
9564 30117
9579 16014
9643 17544
9681 1902
9682 4041
9694 4475
9734 15268
9736 23361
9752 30219
9863 29385
10024 6796
10205 4615
10212 22983
10261 4906
10266 21020
10316 22067
10428 16044
10500 23687
10536 14429
10559 12151
10566 28302
10567 15669
10570 22527
10669 643
10742 22118
10747 20382
10757 25354
10806 18798
10806 26313
10947 27953
10977 32609
11018 2496
11064 13144
11118 7913
11134 5602
11227 16059
11377 31836
11397 11191
11407 4587
11408 30266
11439 11722
11450 22026
11459 26881
11486 19697
11552 29713
11610 19498
11694 16591
11697 15717
11732 13555
11745 1271
11748 9711
11759 17911
11770 3987
11815 3523
11904 9843
11987 22809
12040 11726
12115 8497
12128 8152
12185 19737
12192 3968
12198 22219
12200 19978
12209 5167
12234 6032
12291 13801
12299 615
12299 12356
12355 21950
12390 30554
12415 1037
12506 9233
12525 6055
12534 24695
12559 31626
12598 28117
12618 18857
12624 17316
12654 11697
12663 14674
12718 9127
12741 2100
12743 21119
12749 25512
12770 17437
12814 13839
12829 28507
12861 203
12869 23214
12886 23886
12913 24821
12922 25243
12929 29771
12952 1384
12996 29358
13063 24720
13066 4395
13067 10619
13070 15740
13106 1094
13115 13141
13135 11152
13197 18645
13232 29315
13254 30349
13299 9373
13472 26194
13492 26363
13567 27859
13575 18491
13576 30082
13614 23587
13636 24112
13665 26257
13701 21048
13760 30845
13824 28396
13835 6518
13861 13951
13892 26122
13916 12289
13995 22625
14019 12483
14037 20414
14215 5687
14278 28028
14287 6398
14301 15392
14345 20921
14379 19091
14427 24537
14489 27971
14503 8755
14507 17604
14558 24522
14614 22718
14618 31140
14679 26949
14707 26902
14829 19232
14839 21912
14866 11345
14969 22603
14998 18539
15035 11292
15106 16330
15153 12005
15241 18277
15331 7259
15345 16680
15504 18897
15510 26968
15541 31889
15553 18149
15629 30843
15649 11358
15650 12697
15752 26559
15788 29635
15812 31144
15851 10826
15893 2017
15940 30038
15976 21113
16023 17014
16055 27768
16165 18228
16186 13220
16204 30102
16338 15511
16397 3989
16406 10888
16413 27912
16496 7210
16559 11548
16581 28113
16797 7283
16824 31035
16825 7422
16848 22020
16864 25189
16872 16427
16890 18593
17046 23060
17064 24805
17113 22317
17161 16247
17177 7971
17189 2279
17189 17633
17204 12584
17253 16231
17308 13009
17401 12471
17429 6438
17538 16253
17575 11693
17608 18900
17674 26054
17718 218
17786 14192
17801 11028
17866 24452
17898 8039
17901 18181
17951 2382
17965 16906
18068 14165
18176 20531
18186 25646
18189 23190
18269 17836
18276 5237
18341 23038
18390 32513
18450 13663
18465 4583
18468 12646
18510 2796
18520 744
18561 1144
18589 29170
18643 3367
18882 20391
18916 1858
18948 15740
19025 32502
19088 1900
19204 25809
19339 7800
19357 30676
19358 6537
19371 813
19463 8631
19603 20624
19608 7960
19612 28511
19661 11133
19706 20143
19723 28010
19723 31626
19743 12758
19744 8372
19825 28983
19893 18277
19896 14639
19910 30904
20008 22502
20013 22759
20044 22234
20069 6526
20083 28033
20251 14595
20267 12594
20316 6365
20376 18245
20452 25154
20460 2033
20611 17371
20628 18815
20665 28195
20675 4512
20772 19485
20799 30041
20848 27344
20908 31767
20938 23929
20938 26097
21134 15351
21224 6665
21317 27768
21436 14472
21596 2004
21688 26212
21693 16934
21706 20366
21742 2143
21762 15010
21802 4438
21806 8240
21908 5993
21923 26742
21968 26901
21972 23048
21992 19020
22029 3295
22145 586
22186 1950
22235 18827
22261 7725
22323 26033
22405 7278
22407 17774
22433 5079
22496 2600
22560 17071
22582 16510
22676 1667
22681 5059
22749 17400
22806 7534
22838 10643
22842 23595
22951 31976
22991 23661
23057 9453
23070 21234
23101 22748
23105 10185
23149 13665
23161 25954
23207 4787
23240 21945
23276 23855
23316 6009
23343 15020
23351 1061
23408 30162
23425 16582
23556 6045
23578 18686
23690 7423
23700 11106
23744 3969
23792 5764
23819 10161
23820 26680
23825 26782
23832 25543
23916 19060
23957 32430
23958 23373
23963 25790
23969 23431
24013 7048
24048 2829
24070 27160
24130 11033
24253 31424
24273 6
24284 31832
24364 7194
24372 14365
24422 18919
24470 5491
24610 30085
24679 7731
24680 8176
24736 22384
24806 30014
24811 315
24818 6910
24841 26412
24871 28374
24890 19208
24921 22661
24932 17206
24934 25702
24995 32051
25029 18595
25080 14709
25138 19907
25172 1598
25236 20002
25370 8718
25471 26153
25484 16415
25542 21230
25548 18825
25588 6818
25638 14124
25666 26347
25681 31129
25716 29246
25834 6212
25897 1698
25897 26092
25921 26595
25946 23225
25994 23357
26041 16264
26183 13384
26335 30240
26335 31384
26415 16562
26463 16789
26491 14174
26499 25899
26505 14490
26539 23996
26581 11981
26588 23081
26651 17820
26703 19789
26840 31765
26852 4124
26915 1234
26919 7531
26937 25182
26958 711
26973 14226
27071 329
27077 18344
27168 23629
27267 6757
27288 7181
27290 23202
27320 22041
27362 27633
27413 30372
27425 25815
27478 32068
27490 16751
27542 19456
27587 11053
27643 834
27680 2326
27732 28522
27760 29460
27791 18681
27802 23694
27824 19481
27828 12480
27859 7394
27870 14211
28026 13426
28044 607
28074 978
28077 24548
28083 31469
28136 32540
28240 17746
28302 29956
28306 6961
28386 26565
28413 9487
28443 13299
28536 21990
28621 15063
28639 14902
28711 15686
28814 20689
28834 25164
28856 17993
29004 27456
29008 12307
29026 12440
29041 4888
29060 14747
29086 19707
29091 3452
29094 6794
29199 7073
29285 8919
29288 27983
29358 17438
29406 2863
29442 20096
29490 10584
29611 27726
29714 30346
29724 24418
29731 11269
29755 20763
29774 24787
29781 12938
29872 30537
29905 22414
29986 20421
30009 20505
30009 25675
30025 2627
30032 27859
30045 18021
30084 13584
30102 6465
30124 18781
30132 13975
30133 9991
30142 14603
30206 22440
30208 19636
30312 20106
30322 29055
30335 10442
30447 14082
30455 1053
30465 7734
30468 29687
30490 13023
30542 22047
30692 31924
30871 3835
30876 13959
30880 29183
30910 29894
30964 3634
31168 21244
31476 11146
31494 14307
31504 14075
31522 10961
31694 16325
31700 25489
31758 16516
31785 15847
31820 16392
31832 12499
31846 30872
31899 26941
31945 5685
31984 16477
31984 25425
31985 13975
32007 5407
32032 11306
32032 17700
32033 28259
32037 13715
32044 18052
32184 27472
32185 19544
32243 15047
32269 23546
32323 29063
32362 26981
32398 30763
32430 16553
32462 6453
32476 9334
32485 23932
32488 7898
32496 10178
32499 17649
32515 31348
32614 11340
32640 2854
32646 15218
32652 4988
32763 2748