1
6000 8002
877 3544
1038 1088
2576 3194
149 2011
1856 5660
66 5160
1662 4029
673 952
4076 5986
1667 1439
1139 3061
3649 3983
5327 1268
777 4001
3412 2343
1964 4730
3512 1559
2043 2608
2694 1951
5614 3923
4100 4265
4342 4547
1592 5292
1779 3579
4916 1917
4084 4771
356 2656
601 4604
3052 2175
118 827
5011 529
5712 4470
1859 1254
573 5061
1268 1108
2571 2762
965 387
4127 866
3443 3540
323 4837
1881 1608
702 211
3541 1588
5094 440
4945 1663
967 862
3905 5576
432 4968
5263 5146
5366 4384
351 3005
2333 2003
3720 5194
3515 353
3604 445
4869 4159
4477 4501
4233 4281
3818 5083
4985 472
1973 5319
5102 1294
3919 265
3086 5786
1874 723
2436 856
1304 5529
280 1194
5343 4697
2705 5461
1663 211
249 1471
4116 1391
1952 5958
5703 2471
4905 2030
368 2130
635 1230
2120 5814
1493 3501
2561 2438
3087 2776
3392 1326
1707 4209
4160 5850
5201 1740
5883 2219
1401 3428
2894 2105
836 3937
2201 2696
534 4577
63 5677
1786 4925
3495 5831
137 2797
551 3115
2334 5268
5797 3639
4767 4434
5237 1441
32 947
1479 5025
5289 2787
3286 3294
1372 799
2292 4834
5266 819
3199 2393
2414 2889
4938 2973
2706 1657
1172 1355
2551 4005
1616 3002
4753 1061
257 4210
5162 1617
1816 3639
1697 2780
1034 2209
4428 3914
5771 4066
5173 1674
1519 3687
2421 916
1012 2594
1537 3672
3521 377
4202 868
1992 4844
693 4945
5684 5151
616 5045
5164 5301
3055 3338
1618 2048
913 218
3767 5804
3504 5712
5051 1992
3015 2731
3808 2223
5536 1032
42 3789
2968 5325
604 4693
5252 3448
1413 746
942 1088
343 1886
2231 5347
5090 2227
1718 2387
4169 5088
462 32
4661 1401
1731 2204
79 1923
600 2708
3173 5691
1197 1607
406 5467
4135 4302
2425 4422
1443 3571
4289 3357
224 550
2282 860
330 4904
235 5101
762 4560
3247 521
2457 3897
552 3318
376 2087
3148 3773
2956 3893
3059 2344
1784 3334
5688 5266
2030 5444
844 2471
2220 1561
1256 1350
2420 630
283 2134
4886 5703
5471 213
4891 1502
1224 2913
216 1510
3483 4802
5741 1380
4304 2024
5232 3536
1580 3779
60 1474
2551 3342
2888 1376
1672 4708
3272 5956
3002 4715
263 3180
2331 1090
1334 5105
4597 2874
1126 3125
1652 4304
5308 2949
3966 5816
1847 922
4985 2965
655 3747
5423 2553
5158 4938
4863 1786
1682 1094
2798 27
1131 1895
1687 5993
1463 2472
1095 3831
835 2900
5488 3980
1894 2661
5512 1573
4631 2
4157 5191
4817 1310
5589 408
3877 5682
68 5389
3837 1770
4436 1439
841 4382
2177 2202
5994 5715
5533 1963
1432 2448
5823 665
3474 741
5880 1331
2708 842
4332 1865
1397 4040
1303 3742
721 25
5166 2105
3564 4521
2282 3324
3125 2310
4179 1845
5939 2213
3256 5211
209 4926
428 5982
2347 5308
5662 4725
2014 4679
3853 366
3025 4012
3341 5624
750 956
4488 4955
1506 4202
1467 494
13 1162
2168 872
2955 3147
2373 15
3500 2378
3676 5771
4002 2682
277 2215
4257 125
5427 760
1025 4526
5576 4294
2626 1394
1541 2869
1015 1338
3641 989
1717 4419
434 81
3337 2294
3145 2362
843 1220
5163 5832
860 2693
3138 5441
1673 739
4262 3854
4765 1128
3596 2240
1025 4676
2853 5900
1081 2435
3301 2782
1742 5823
3854 5206
211 3408
2995 3102
340 4033
4402 5964
1192 2796
4347 5301
1511 5820
2427 5410
5831 5842
3550 1084
4410 5120
5380 1275
1649 2445
1456 2214
2357 1932
1374 3807
3930 3030
5355 559
1167 3789
1 4379
5350 3619
3101 1297
3811 3384
3786 1591
2472 3455
1606 3855
543 671
4915 4153
1636 3089
5507 835
4284 1272
1046 4810
2394 5228
2735 5804
1324 1238
1406 3171
5319 2167
152 1736
4564 3922
587 5206
4856 1510
4843 2988
5056 1907
1240 1065
3729 3596
1808 4438
5908 5961
1514 4150
5817 4996
87 4722
689 4865
108 4391
860 3919
3527 3026
2807 5669
460 3030
408 2564
390 2571
3387 2339
4128 5720
2196 2070
4855 3331
4485 118
3913 1401
2005 5736
2039 4816
2680 1208
4375 554
3858 3176
1440 5108
1610 4068
626 3576
3069 5703
2021 5678
340 247
790 5005
4581 3797
949 3109
380 3795
2180 17
5552 3208
3236 763
1691 2378
3416 3452
2147 145
220 4458
1534 3000
488 1607
2910 796
1079 1720
1415 1632
3809 5559
1199 2801
2019 2903
2492 4442
4381 1568
2911 3335
3546 1021
881 3355
5551 1435
5484 2817
5552 1732
773 2580
5949 3872
202 4029
2009 4256
3370 5955
2523 713
69 5818
4402 1961
2535 2031
5437 3474
1082 2433
3314 3515
1634 2091
5994 2754
5086 47
1090 800
2101 3645
637 4496
2666 5696
4868 1472
4239 1127
4835 3901
3520 1823
2832 2465
2745 2548
2569 4699
2220 1817
4185 1673
1062 1724
5329 1075
886 139
1390 1120
3442 1850
1654 696
5592 295
2603 1611
258 2869
2084 2753
3402 4350
3455 3201
4717 971
3217 5486
4364 210
894 3749
372 2510
69 3921
5896 895
2960 3352
3348 5156
1408 2467
1719 4877
0 3408
1156 3454
1043 3920
2665 2157
3647 857
5544 4270
214 4851
2195 5795
1758 5349
1752 2559
4078 5609
1670 1022
4604 1767
2486 2754
346 3764
4964 5680
5434 5901
2230 4786
4827 967
5769 494
707 1166
3172 2995
4710 5509
409 4033
4290 5819
4182 1391
439 2203
5656 3657
3153 1153
1089 5213
101 1372
3624 5388
4589 5562
2642 3120
2451 2812
5224 2611
4589 5982
2448 3034
1855 3886
5332 4325
5680 574
5909 1390
2612 2720
3996 2180
2972 3848
2512 3630
3783 3166
4011 1639
3496 4510
2902 5360
1498 5259
4098 2604
3073 3741
3178 756
2328 5921
154 4697
1861 1997
1407 814
1991 1394
5253 4718
2299 5898
4734 5081
3581 5564
3219 899
5948 348
2724 3984
2440 2455
2549 3061
1595 4539
3979 1256
5190 1875
3725 2445
4433 1280
4507 1936
3216 1082
1233 4000
237 2454
393 2825
449 5078
1952 5643
1027 971
3964 4709
3851 4667
632 4524
2669 4088
86 5782
3444 4103
4761 5686
3590 5825
692 75
4665 2786
4636 1369
5376 1150
2204 3981
1380 2417
5304 2919
5438 4056
2808 5993
2677 741
4606 2047
5037 1867
3324 5607
106 4551
1641 5989
1972 4653
15 1435
4011 3501
3969 306
4241 1999
5352 3858
2045 4919
652 2248
1509 4
5954 5699
5584 1094
2087 5922
4062 2923
3721 727
182 4468
5882 3348
3678 5065
5885 3884
970 3625
173 186
5063 4839
141 5551
4909 620
3445 1409
4152 1216
196 341
345 306
1882 3806
590 1031
2324 2987
699 123
834 1327
4064 894
4688 970
1482 2413
4734 695
5161 1209
25 2383
3060 3325
1281 3666
1291 3671
5325 3060
3459 690
26 2999
4298 3824
3820 2078
2762 572
3872 5649
1051 4409
4506 139
5123 3865
1067 1805
3421 2449
5414 3734
692 4608
388 4906
3846 5227
4334 3390
2026 5242
3231 1329
4227 1174
927 3352
1061 3781
3118 5150
2026 4604
1286 1943
1692 1626
764 1675
2752 3619
4397 3889
73 353
3112 5657
4309 3267
952 5036
392 4788
5438 1078
293 4986
4321 1955
737 1421
5550 3386
2431 211
2118 1899
1114 1002
2870 2553
3249 1718
2363 4065
5486 2581
1395 2990
5784 1250
4172 5167
5324 3128
5769 4394
3522 2189
434 3013
3196 2498
1869 3900
1640 2272
381 3113
2366 3719
2583 1147
3949 1734
2026 180
4439 5032
130 4054
4310 3563
2900 5227
59 530
2441 189
2966 2649
4579 1073
4447 1135
3322 408
2958 546
1760 2553
1247 1149
357 3411
5498 5044
3123 737
3540 2708
5585 1666
76 1970
750 1763
623 5664
5069 4001
3490 2085
3153 5731
5774 4724
461 1680
1206 4356
3354 2274
2672 5957
5064 5776
5601 5797
5299 218
2153 1324
4835 2589
2335 2233
1227 1812
2731 1017
302 265
19 5543
1141 5515
4454 2834
5229 533
3407 5908
498 1784
677 2025
5754 5486
5419 1443
1545 1367
5660 620
5492 4687
1969 4013
4543 5921
4436 2842
4008 3507
4164 581
3176 5588
5231 5759
5990 727
658 2093
5175 2258
137 435
5319 1527
1960 2500
5472 2995
5171 5382
2830 5148
5652 4990
5614 1672
536 3443
3607 3622
4742 2591
3257 4010
4716 5272
5860 5852
1818 4186
1852 1739
136 2587
1549 4705
4781 1132
76 1488
5107 5115
814 1125
3109 34
3749 5578
290 4497
1457 2196
1084 4441
5904 5453
917 1173
4681 5001
4429 4619
2934 5763
5135 3932
1776 2933
2176 3149
3625 5502
3474 2795
3190 2585
1839 3706
4964 2409
4424 5818
1601 1532
2206 2795
5444 3087
3370 807
3328 4804
1126 2272
1942 1682
4282 3332
274 3419
2108 1506
23 4303
2997 5656
253 5052
1180 2913
3503 2183
2470 5796
5780 2346
3802 2497
2341 917
5371 2440
4548 2394
5404 3467
5610 3568
1122 2322
2599 5174
1561 717
3596 4820
5331 1141
4837 611
4860 1919
2807 5974
5927 3048
661 305
3738 1077
2228 5669
567 4915
3254 1215
115 2228
3105 7
2397 4942
3717 667
3679 976
56 3202
123 3999
5056 5032
3627 761
2715 340
2550 4217
1863 3565
2379 1179
2696 4094
389 2051
1272 3722
5164 5607
3763 126
2651 522
3130 4725
1059 582
2076 5986
1089 1682
3749 5346
225 2907
5081 4022
287 4359
911 4175
4548 4057
3257 5005
4456 1814
5021 5700
5759 5301
1894 2249
4041 1045
2382 5591
3252 5930
5021 1959
2224 5619
2575 33
5566 5096
1785 3644
2840 2008
5578 2225
5129 1270
3212 2505
14 3251
1770 3373
2403 2205
1119 3587
2939 2540
91 3291
865 3398
949 1205
1873 927
704 5416
1169 5248
2582 4256
4819 857
4162 5728
5812 3593
3564 1307
5774 1419
5597 1591
2316 478
4174 4152
3507 727
3520 5846
4706 3787
2637 1138
1761 2380
5435 4772
4454 5175
2559 3306
1816 2888
3430 5357
3172 5228
4356 4208
1647 5141
1570 107
5316 2662
4477 4948
5288 3470
129 1238
5689 3978
544 5090
1595 73
3884 2866
2463 5319
1045 5615
3913 5790
4337 3035
4543 5218
4060 5637
2912 263
995 3871
135 3757
2929 5796
1650 1351
1838 4385
2056 5827
5180 1805
4220 1325
5352 1353
2231 3323
1414 3261
2042 4383
1451 4666
2532 3361
1066 3014
5826 1987
4121 310
5303 5264
4982 4305
5023 5066
3758 3374
4649 4247
797 2532
4787 307
3650 1772
2779 4272
5791 3984
3823 639
349 2919
812 3446
3261 4482
1146 3005
1369 5262
724 4983
1927 494
1395 148
5102 5187
2943 3801
2732 5290
5120 3314
5637 3572
809 1890
1809 1406
4941 2160
1798 2940
5410 381
2837 2050
1702 179
1153 2653
3165 4049
5382 3303
4089 5621
2189 2054
4809 5140
1341 2270
4016 993
4119 3206
282 4998
5496 4002
846 1209
5142 3655
4130 7
1614 195
2597 1441
5835 3039
1039 422
107 3449
2729 5443
5513 1840
2245 5750
1385 74
1637 559
2745 1089
603 1282
4435 300
1895 2614
1415 2006
4595 1242
2171 5912
3880 4899
2530 920
555 2161
299 4367
2599 5257
1099 1765
3581 574
5324 3925
4905 1793
1775 2938
1819 2944
732 1041
2413 5649
2549 4047
5646 3169
5011 0
5285 278
619 1706
3789 1671
651 460
2604 4492
158 3853
4990 1003
2777 5628
1831 2234
5427 432
365 2701
4689 4031
3614 4653
220 2054
3379 4585
1886 207
5506 5193
1819 841
3776 2341
296 824
5068 2293
982 4584
4970 1900
4034 2360
910 4352
430 4112
2069 4803
5102 2894
2717 4175
1477 448
3012 3183
5707 1312
4122 649
4999 4776
4748 3958
5130 1741
2191 2817
2719 2432
2230 972
1828 2335
3131 1801
2884 691
679 4557
1257 1077
1221 4989
1633 2529
5041 4704
2068 930
1708 2252
1678 4193
2807 4041
5289 4591
5263 2260
1498 646
2922 2312
3902 2850
5612 1611
1479 3140
5313 4628
5301 1170
1201 5605
2735 4842
4101 3250
304 3459
182 4193
954 4147
4793 3439
5969 5779
2537 2998
480 1301
555 5044
391 983
5487 41
526 1790
5067 4801
250 5467
4140 4825
5058 3469
2763 451
1679 5250
2274 1988
3259 2614
3210 5301
160 1651
500 1753
2780 845
1838 181
4519 3634
3708 1892
2419 4307
2862 3337
260 4494
4828 4775
3431 267
5830 1379
2744 2908
4094 3277
4347 1843
403 3975
4061 1180
3052 4528
4390 2958
5944 3277
1766 1058
5517 4300
1988 1560
4888 3190
2282 5289
3850 3934
3620 4041
197 737
1838 5388
3778 3653
88 2931
2513 5108
5418 2334
2694 940
888 1875
4561 3812
5100 2711
4808 2625
847 3199
1988 2016
790 4629
644 1496
1001 4750
3903 5401
5743 1171
5855 1227
4933 13
2175 812
1306 3138
3488 2379
2370 575
5254 5528
1636 3743
660 4693
1079 291
4497 4383
1790 2171
680 1842
2031 873
2689 210
383 4714
3437 3940
540 5076
934 4990
2428 5651
279 1799
1757 2029
2107 1868
3003 353
2117 158
3419 1397
1275 421
2683 41
2062 5301
34 4421
1030 4790
4580 968
703 5924
898 1590
489 4454
2799 5969
22 3238
2260 2247
3906 4008
3935 1592
3710 751
4662 1734
1314 1239
2671 2228
5711 4584
3607 1362
2236 4668
4598 5134
1207 3176
5166 5177
2455 3798
1191 4109
3739 3872
2946 3242
4010 3617
5868 1357
3846 3613
2181 2577
3822 4966
75 44
2093 4380
5012 3687
2356 1029
517 2212
5294 5707
4934 5567
390 2138
5650 912
1185 3943
3442 4636
3792 1714
1703 4727
1623 2611
1452 4478
207 2279
905 4619
1388 361
5942 2289
1272 2733
4679 2160
826 5369
1103 3518
2997 816
1663 4301
3661 5332
3242 1019
459 3660
3109 2235
907 4507
4243 1053
161 1209
4771 2739
2020 5121
2360 3293
4901 5571
4526 2449
3467 5011
1289 3389
3659 1378
306 2123
1268 4062
980 3150
828 1049
3665 4006
4285 2040
4233 3461
3164 2271
378 3660
2227 899
950 1953
3726 4230
5105 1915
4123 1678
3136 5055
3199 4922
1468 4998
2950 5275
2664 1425
2128 3053
4701 3216
1945 1650
4740 2230
2100 2521
190 3484
915 1066
2993 309
344 3818
5866 87
5017 88
1453 2093
4272 5972
4553 543
1764 4034
3732 3066
4426 707
679 1224
5261 488
3466 2702
5350 4278
864 3658
3354 2858
3674 5563
242 2450
5536 4362
4259 5262
1314 3667
148 3208
4618 4447
5212 1833
3392 994
5954 369
2298 527
1694 3057
1368 3273
1247 378
4008 557
3862 3905
5589 1855
1035 4048
5272 5979
34 469
690 4685
5739 4750
483 4322
664 3704
4105 5573
900 2163
5437 775
4996 5224
4682 1274
1189 1807
4961 3309
1387 5728
5326 157
5969 5282
4287 3701
3612 280
2571 2743
2466 1714
955 183
1053 3260
2282 224
2511 2385
644 3254
5677 1911
1858 5101
5298 4563
4705 559
2123 3470
2781 5998
1482 3902
2636 1856
665 5946
1361 5857
1884 2057
2011 5649
3117 5098
123 5569
4930 4642
645 2624
5911 137
4911 661
396 1603
2074 5600
2552 5235
2534 2457
497 2898
950 2484
3681 3367
3194 1804
619 5236
2764 5607
2723 5055
48 2357
2082 4724
2901 5071
4631 588
5847 44
2095 3906
763 4535
3642 5246
690 4666
4858 3853
89 5244
1546 2745
1343 2583
1235 2785
3924 5645
1724 4857
5702 2414
1942 390
724 3250
1866 1539
1292 1824
5280 5938
4661 75
4944 2021
2202 4232
2464 5748
5753 703
1985 5099
712 3706
2044 3413
3726 4376
1975 3974
5559 3919
1836 616
3467 1329
2758 1327
5577 644
569 2605
456 1226
4868 5296
44 1031
3882 900
4377 1341
3519 1882
5029 4188
2249 2233
3877 3534
4848 278
5916 1213
613 3858
1807 3592
1802 5127
2328 4878
1253 2510
448 3002
1054 2389
262 2894
4190 4849
2598 603
1029 478
5908 419
3596 3687
3512 5976
5547 2046
3225 1263
5397 960
5755 631
46 2476
30 2568
5938 686
3882 3746
5007 5751
853 516
5172 1074
2310 190
3973 1861
209 3801
4501 1649
4523 1988
4761 1629
1298 4956
4088 5127
131 1721
2705 129
1206 4249
1554 4016
4856 1477
4360 5953
1313 1897
2107 484
107 1989
255 1935
1735 658
1233 3329
4347 4479
5648 4792
2802 2420
5970 1956
2267 580
2904 4852
3874 4966
1407 2587
953 2424
2562 2282
177 4445
2466 1659
36 3785
5467 1923
977 3406
1181 4781
4509 4528
730 1027
2241 3579
2330 2623
2018 5640
2542 4366
3502 445
4741 4664
4601 5954
184 3058
310 4627
2195 5858
1236 2125
3220 211
1356 1087
2056 669
1214 3310
710 2827
717 1064
4631 1992
19 3786
241 3706
3345 2186
768 5782
2817 2688
2665 2612
690 4892
3080 5250
402 5423
1946 1482
547 2052
1201 1437
691 5319
5884 4579
4615 5088
4187 1175
1779 4035
2134 5725
5911 4262
2010 2959
4935 3188
3198 3952
3959 1874
3527 3488
4590 1468
4980 1265
3834 5910
3478 5792
57 5393
2068 4119
2321 3114
2624 2900
2349 5636
4720 5983
4460 3096
317 1356
1833 903
2533 5857
4590 5392
1786 4199
2179 1358
3878 5245
3557 5411
2870 2131
1850 2946
4717 218
4192 1255
3949 330
3428 3943
764 2219
118 5022
1492 4431
1216 3732
2220 5906
4907 1470
377 4067
1539 3230
3459 868
1806 2120
5511 5352
3520 1979
523 5230
85 2909
3326 5720
5440 4329
4521 3820
1229 3945
558 18
5100 4131
4927 3163
933 108
5849 1993
4174 1782
3042 2848
588 775
42 4643
509 1246
5575 1694
5527 25
4555 4009
5749 4629
5647 190
2033 2113
5852 1207
1248 1647
3789 2813
3586 5220
2984 228
2504 1885
3435 5749
2642 551
5086 1999
1193 4027
2105 189
2185 2209
4018 5279
4163 768
1732 2344
2711 5344
786 4753
553 1582
1144 3846
3556 3461
492 2685
2610 2754
3047 2118
1521 2262
5970 2927
74 227
5456 4076
1354 2017
5218 694
4902 4343
2897 1643
91 1006
702 5882
5454 2404
758 5285
2938 1935
591 5989
2256 2978
786 3651
5316 1448
3912 3113
4120 1913
706 3604
1253 4996
5403 2698
4145 4419
692 1971
1458 1996
2340 5388
242 5669
90 1434
1952 3688
3838 5342
5095 5447
542 3391
4908 1625
5141 1985
5795 1690
225 4826
4823 3754
3969 1
2376 2315
3394 2830
1092 2414
1800 2248
5555 3976
4973 3303
1995 4608
4418 360
3893 1277
1588 5218
2521 862
1832 1487
1524 3146
5171 3437
2725 550
3313 4571
4138 2420
4051 1189
1892 5359
1345 3517
3877 2191
1731 4591
3985 1768
1783 3852
2991 5649
4701 2288
4485 2820
1747 175
887 5108
2959 5029
3065 5022
4885 1894
1102 4313
424 4504
2145 233
754 690
2159 1909
311 1564
416 3767
1743 635
63 259
4607 1656
2467 2646
1639 2902
663 2350
533 4878
3889 5532
3290 3519
2144 1679
621 2622
4928 1746
453 2838
740 272
4693 4215
2945 340
1849 1800
4156 1392
4359 5652
5872 2436
2656 822
4996 4036
1098 5022
4890 14
595 2668
5886 5161
3027 2719
3444 3483
173 1085
4231 3367
4072 5369
2361 3067
2051 4604
1096 1523
2238 2036
1900 546
4358 905
4262 211
944 2392
3336 5441
3266 2090
1980 2770
620 1167
2755 3870
4806 341
5484 2323
2687 1967
3866 3745
548 2110
1302 1294
4689 4797
4457 559
5267 3435
2583 5452
3841 221
1142 2512
2683 1035
3479 5061
1924 1739
4354 3464
5660 3650
2413 2957
5158 3735
5625 4712
2399 3749
5584 3812
2016 1693
480 1437
1121 1054
3245 1661
5133 1539
2008 4553
5911 958
5963 3170
3127 476
523 1730
107 2034
2297 955
3554 4936
5921 5259
2588 3589
1377 939
5330 5927
462 4411
5372 5824
1951 2914
1086 4226
4672 4690
5957 3186
2176 5504
1615 4681
3249 5942
51 2650
1751 1265
646 3427
1056 3632
2930 5112
231 579
5533 2302
5033 4294
4007 2520
5269 1089
237 2021
454 493
5810 2647
3462 4635
952 5380
5438 2662
3131 2407
5711 9
4818 4180
5554 5092
5938 862
1481 4178
711 5077
1387 4099
2214 5295
2129 1441
336 5426
1380 5928
4527 2607
4075 4386
2824 878
422 1593
3535 5694
735 4534
126 4199
5249 4103
980 1410
3766 819
5134 4489
2323 5399
5157 1925
2193 2527
1811 256
1484 1272
332 2684
1856 5979
4061 1796
2619 1527
5833 1627
5846 2107
4690 2681
5573 2146
4000 4417
4845 1495
3371 2612
4879 1318
4050 3300
3188 3383
2945 4412
4349 3423
5366 1386
1288 2540
1349 986
2786 2990
1808 3415
5170 2859
4778 2151
5044 2813
2378 5027
3561 3042
1957 3176
2732 1390
977 1198
324 3436
3675 436
1661 1447
3651 2996
2880 2792
5550 1439
4843 4162
3720 35
1368 1483
1931 4755
5161 2966
4933 2080
4292 784
2822 5456
5365 1871
2980 1247
3674 1568
3462 3400
5962 46
2443 2792
2636 280
5600 3790
1576 4658
3764 5756
5083 3803
2315 947
2695 629
2275 839
5901 4493
2917 443
2607 286
5142 4625
1767 3417
1869 3468
5183 1077
2950 3066
5725 5466
39 2694
5729 2561
4943 5261
3499 3998
5796 2277
1740 209
4816 3589
5403 1674
1435 1484
602 4572
1571 3778
75 3574
4100 4756
2480 1006
2482 1007
142 2149
4808 1598
5772 3711
5989 4859
5269 3872
3757 3377
544 1155
2438 336
2722 308
1054 3004
123 5023
1113 4494
2506 1496
751 4497
3443 5727
2910 2158
750 3254
4376 1357
1853 79
895 622
5461 2020
2067 2375
1563 4971
2091 5235
4067 3061
4388 1035
3855 499
1289 1264
2944 635
3864 4049
2891 5001
4532 4220
1453 1613
5039 5776
1307 5892
468 403
1280 1017
5979 197
5035 701
3102 1881
124 360
1566 601
3110 2423
3706 2691
2559 1220
786 5573
1067 5736
2036 919
1270 534
2553 2700
1899 3525
2048 964
4700 3818
672 1965
4562 5527
2595 5791
2370 3390
3212 1684
1343 2142
1379 606
198 5475
2409 4004
1670 610
2287 5380
962 353
2518 4757
1218 254
4012 1353
5742 2472
2651 2467
1259 4172
4242 3
4232 14
1726 1805
954 1423
1065 3445
5048 2192
2520 1343
4847 693
2199 3977
5008 1267
5183 829
4870 2059
3728 2666
2996 2691
2957 4788
3281 4378
1526 5471
5941 2057
4021 1097
494 3010
3066 3784
4708 5670
493 1644
3871 277
4006 3902
5329 5781
1203 2887
1621 2612
3036 3747
2705 1045
744 5146
5527 2966
5936 5300
4247 258
2822 2151
1066 2087
3611 4908
1970 5571
1117 39
2195 5776
2500 2342
183 911
4963 152
5155 824
498 5088
380 1207
1489 3856
445 3790
5811 1353
1758 1870
1602 3607
5517 2432
691 4949
4954 432
199 2306
4751 38
51 3578
4267 1462
2685 3901
1107 4551
2669 5848
1324 2921
1940 1266
628 3511
504 3185
4032 3792
1649 4135
3628 1319
1327 5334
3487 4988
1261 5700
4764 3392
750 3013
286 2621
1343 5273
1888 4007
787 1474
1229 1581
4039 936
2348 1346
2948 4209
4165 993
5018 4478
78 1267
4845 2093
3040 4252
4074 1656
2842 1024
5056 2157
2838 1030
480 1501
2259 5110
3435 4394
4236 1526
36 3490
2058 1859
2325 5084
3630 2672
2170 2394
2809 1884
4942 1623
5210 1501
5678 3089
4451 4517
2392 424
2589 2122
3380 4526
5098 2720
2799 545
2005 1212
3608 5706
1519 5332
3897 1496
5364 4292
5401 5248
5654 759
5864 2136
4161 1074
2072 1583
604 2348
3597 2219
4756 3316
2890 27
1941 5925
2070 3851
446 3039
1952 265
548 971
5574 2106
3682 1512
581 337
136 4058
3777 2572
1471 1774
4979 3464
4680 4454
3102 1884
1396 1001
5418 1694
1062 3608
2516 2273
5028 2913
2734 2020
1527 4729
2071 5257
1319 1886
3752 2281
3924 2071
4441 2346
1204 2348
2799 4114
735 214
2393 2890
1622 3142
3963 5050
5618 5902
239 2751
855 2484
2049 3103
2919 3500
4305 119
983 22
4631 2294
5136 4264
913 1863
1203 1238
3913 299
3365 29
101 2127
2127 5525
909 1614
5281 4407
157 72
261 132
5017 3778
3512 5666
232 574
4335 2671
280 5797
1796 4714
194 1958
4269 4993
5763 4246
3917 5380
4280 239
3358 3644
233 4558
3168 88
4765 4918
5212 3142
3073 5719
1144 3777
4381 2947
315 912
4581 3071
1597 553
3132 3385
5894 3665
3240 902
3539 2344
518 5782
1553 1823
2655 4267
2280 4400
4570 5780
5162 2456
1848 17
4382 2818
4328 361
4659 498
4726 5575
5003 1856
3211 2240
3406 561
1356 1584
5367 551
2700 5898
2156 5754
4005 2667
1933 3711
3445 434
5856 4201
4655 4021
4521 3702
3739 2080
1297 4165
3997 5379
1316 2636
1762 1935
4607 1554
461 3595
4485 1402
1633 2523
4583 2932
2168 5028
4944 98
4869 5561
5868 861
5052 501
4425 1121
349 3179
4350 5810
1546 2539
3621 5071
760 5479
4955 902
2513 3940
896 3011
4318 5481
753 4718
4319 3238
382 3377
2827 3266
5625 955
1701 3234
3917 2134
5360 4708
2217 2680
974 4370
3478 5694
3237 343
1716 4983
3401 153
4035 1468
565 5926
284 3267
2348 750
1769 4883
4584 331
1566 2736
5598 848
3769 1576
1786 2073
4252 4512
3261 4993
5686 2772
382 368
2323 2551
4959 1233
3806 2928
2096 2055
1955 5670
1231 4251
4535 1898
5558 1536
2793 1951
2449 2690
1893 3576
1438 3493
4048 2664
3721 3692
1667 2665
3914 4195
1138 5631
2917 2148
1655 1607
4012 2234
4569 2550
2777 1142
3953 2195
545 3643
5324 3930
4058 721
591 1437
2718 3045
1972 3440
2905 5857
5293 5844
959 152
365 497
1097 50
1776 5471
224 5626
1350 5550
1658 3802
4820 1165
209 927
305 879
1041 511
4538 313
2796 3218
896 2084
1667 4242
3171 5602
349 4989
1858 4440
352 2420
3026 3117
1576 2768
1996 2189
5417 5615
3606 5401
2248 5750
2235 4155
4260 4435
5124 4867
1051 1567
4961 3490
1957 1984
601 1342
2740 2175
3347 5437
127 5003
5662 714
843 4241
2169 5384
1215 4971
958 1690
3804 43
4923 3765
5965 4257
2041 4567
4279 155
3449 3708
97 997
2423 1902
1542 4006
3110 2742
2283 5917
5351 2058
5755 2372
2506 2490
3308 2857
3109 5726
3046 942
1247 5029
1919 4725
4110 4060
2862 655
3480 468
5647 4071
216 2327
5992 719
3147 4723
4052 1964
3191 5213
1295 4321
1881 4518
2137 5670
4234 5055
4788 716
3186 3503
3947 3397
2722 775
2703 5378
4124 1925
2495 3458
1500 4515
5645 3198
892 4310
3069 2659
3896 3809
5718 598
5437 286
5642 1483
5189 4767
593 3321
879 3174
1249 5385
332 975
4459 251
923 1764
2364 3218
4564 230
2817 5243
1655 5489
3032 2006
3576 4325
1527 4153
4812 437
2423 3382
3025 3173
2839 3078
3717 3562
1175 2275
3371 3133
1261 2270
2614 2648
2669 1253
5788 5409
1687 2325
669 2832
4804 2668
5167 1770
811 3432
2099 2276
4043 5803
1339 142
2705 1883
3371 4967
187 5551
223 3398
4479 1430
1525 140
5015 3005
5324 1536
5342 1545
719 79
2224 4449
2359 4593
5954 2811
4812 520
5549 2984
4152 1553
3598 2314
594 5739
5291 1799
2483 2153
5107 1353
1254 5331
2312 1605
3614 1486
360 262
4782 5126
323 512
2581 3816
1287 2401
3438 5195
4072 1062
859 4846
4911 921
823 2965
4917 3179
85 1499
5500 1162
5713 4875
77 4842
3191 5367
61 2441
1079 1752
1249 1715
4474 1550
5020 1917
2676 3867
870 5617
743 322
5711 5837
1606 831
239 4685
5372 3605
962 3279
5644 1576
2825 1722
4663 2597
835 4201
1015 4147
5143 1988
3018 1509
2742 5764
676 4837
1460 3473
5606 1464
4629 5892
1060 3283
4706 3261
3945 2255
809 4713
5358 121
4814 873
1048 2050
3134 229
2005 2688
3301 3473
1654 607
639 2668
2701 3605
3071 5828
2964 3206
3966 516
3810 714
2743 5841
1566 800
2237 4193
88 2684
4154 5974
3660 208
2841 989
4662 4985
3584 957
3630 938
615 3999
4559 1611
2500 1543
1322 5201
1884 5482
309 1402
1354 3445
2002 4036
5998 1946
3672 2817
2695 1918
1842 1713
547 3590
2930 559
1063 5014
3169 2762
4997 1336
5123 1787
3908 65
3132 2599
1248 3657
2665 1917
1035 4822
93 4349
2468 217
998 1528
4788 5837
5290 5570
5572 757
4022 4044
3382 3724
1672 2899
2561 5894
113 4670
3209 3733
1021 5503
3630 1894
5761 4642
4531 4539
5762 1074
5215 3740
1630 3468
1430 5070
5756 4615
5867 3677
4927 3255
5404 1430
203 631
2730 2391
1444 1079
4154 4825
2897 5500
1701 2093
5315 286
1899 5430
2392 1759
1097 3654
2293 2072
4137 1142
2846 4978
2813 1938
4016 5799
24 4467
2096 5479
1443 382
5787 5539
4022 1897
4676 2448
3243 2260
71 3746
1277 4460
5925 4163
1790 4765
767 2072
608 4711
4285 5337
4959 5416
301 3369
3722 4330
435 2474
2983 3232
1986 2459
2841 4581
2057 4205
1676 4599
2134 3259
4789 5626
2553 1919
5434 643
1029 2147
1373 750
2398 4350
1453 2657
4742 5515
361 4716
4945 5457
916 2339
5650 343
3582 3233
4228 540
2392 5264
4217 665
2386 1055
5907 650
31 2316
3201 4656
2637 4438
46 4006
2525 2170
4066 1364
3965 5008
4900 941
40 2603
346 2706
1306 4052
4200 1389
5196 1320
2135 2600
4921 1951
3155 2090
1750 1919
734 219
4549 833
4659 1690
4960 4291
1408 1876
2904 1600
363 783
2610 4818
464 5923
5691 742
2037 4298
5060 3203
1782 1562
5501 1518
3775 2063
160 1934
5236 3556
579 5260
3133 5056
1951 5649
2234 3
618 4841
256 4956
5733 5795
3357 3900
1456 3354
4478 1917
1217 1559
4244 1773
3739 1018
4397 3105
1137 1679
1082 2925
2788 3074
5519 237
759 4537
1257 4790
263 4161
4531 2389
870 2767
1033 3916
3844 1243
6 858
3938 2879
2084 5088
3388 4460
2240 5010
170 5506
1728 664
4522 2349
3318 5881
5682 927
2096 3230
818 2335
2632 529
3494 486
3523 1023
4854 4180
5654 4527
1244 1195
5428 3167
1243 5950
742 48
5300 347
4349 5999
5192 5479
2141 3868
5355 327
3637 4224
4154 2967
2223 1015
2317 806
2613 5682
2601 36
1742 1009
2636 4435
4895 778
2959 346
4335 405
4556 5397
1004 3042
1508 2278
3106 5448
1796 5729
1435 799
4104 3689
3617 5719
156 5450
5381 406
3021 3826
2971 3801
2179 2530
3907 2562
4057 3929
2296 5849
5405 5658
5428 3776
352 1258
356 1256
711 2455
1900 5199
1079 2098
1957 2555
2339 4315
3678 1813
4894 4384
4917 3332
5738 5018
4610 4526
914 2224
5924 747
1874 2768
4449 5433
4453 280
2420 4417
823 113
4218 4196
1635 1913
5300 3883
5975 1227
5250 4881
2555 136
2770 5728
1370 4811
268 1975
5815 3492
4180 4922
3200 2427
5006 1788
3100 2357
243 2777
4947 2242
2233 4374
4293 659
2584 1038
5702 5170
4253 2316
1087 3211
5007 1875
2185 2768
2726 3542
4210 188
703 4907
1079 4207
1647 2063
4891 693
2711 5650
1440 3002
2934 2820
662 4084
915 562
2955 4639
3715 4251
4023 2795
1324 5558
1809 893
434 5599
65 801
3608 1425
1356 59
2730 1992
1123 5125
1292 2787
1427 4253
2181 1585
1032 1228
1112 1252
2970 3036
2491 2696
657 3869
1242 1547
1162 1571
668 1320
5121 3872
2100 2826
4212 5542
1764 1827
4712 3611
386 2030
5490 3478
3106 1588
5673 5863
3260 3844
925 4743
1039 4430
4533 4430
2543 322
751 1218
3779 2377
4306 1551
89 5436
5728 2608
903 2860
3443 3158
5527 4815
400 3805
4454 1702
255 5556
2880 3708
5534 5135
222 5485
844 5284
243 136
5387 697
488 4824
1730 4429
1622 137
3486 1389
2764 4839
2732 4823
3410 4081
2926 1770
1606 5422
3702 1080
5156 2321
1608 5574
424 5686
3054 2511
4688 1987
3778 2442
1542 3560
2975 308
5402 4993
1113 1751
3816 119
4774 3664
676 1244
5156 3996
5751 1094
2161 2885
5532 228
1887 917
4250 1920
5952 1133
3386 5621
3024 5760
3317 5869
47 5592
3518 1888
5676 2729
3228 2033
2804 1221
184 3790
1448 478
2109 4868
239 5997
2438 1237
2390 1213
1670 853
2691 5755
3048 3263
5190 872
5541 1496
2669 5346
1219 5045
738 2483
1647 4486
3443 670
1226 5470
5595 1958
1809 3895
2499 4609
2291 4761
1005 5910
487 5651
3730 1433
811 997
3238 4306
946 891
1353 3234
5766 3924
3326 616
1846 1932
5806 3904
2894 4689
4162 3950
2618 594
4031 3126
4677 715
5135 494
1976 4952
976 4460
1223 5785
3728 1954
1877 1582
4609 3034
2912 2426
5315 989
259 2348
3998 732
174 1348
5508 4049
3217 5054
81 1349
4985 3281
2120 2937
2935 4440
118 232
5362 193
5461 2658
459 45
1738 4232
2548 1268
4545 2296
1489 752
4799 1
2485 1267
537 488
3937 4979
1059 5842
1357 1694
2315 189
2313 638
5504 3081
4718 4094
4567 4658
4061 3256
2185 3858
140 2605
1171 2412
1285 2471
975 5281
3050 1219
1724 616
5308 2756
4525 2238
2194 4144
734 1348
1195 3151
4693 1840
370 4602
3582 587
4645 4566
3013 263
5601 4370
882 1643
4227 253
5758 1640
3204 2837
5596 1977
540 3829
3769 343
2903 3290
3382 4529
5569 2553
5229 2351
2944 2249
366 3516
140 3405
982 3296
4034 5198
4065 3663
4341 453
1293 2873
4329 4417
5998 3730
3842 4852
1511 919
4468 4195
3275 2188
26 1271
2726 425
4210 121
5988 1010
5294 535
3755 5498
3109 5181
824 3613
3412 2347
3819 740
4679 3250
3495 834
1669 755
5573 2650
331 29
2810 4053
2108 3766
4774 1019
4147 406
5749 2912
4349 614
4748 5999
4166 2058
5990 2970
5108 2515
511 5318
4308 5767
3230 3393
4278 853
3380 4803
3787 1837
897 392
45 2411
1799 2814
5722 3748
577 3672
2057 2097
124 281
1569 5671
4435 2545
189 262
14 3707
3500 653
4416 3323
5951 5108
4656 446
130 2279
2778 4154
2508 4529
238 666
248 657
4166 1565
3378 2215
2721 3123
1075 2938
5423 1274
650 1339
4728 3394
2140 80
2098 426
3992 639
4857 4287
2932 2670
1123 4799
1251 4129
215 1288
539 1134
2171 5939
1529 4594
455 671
190 4174
3603 296
4721 5234
1436 4501
460 5053
2457 5881
25 2564
558 4847
1327 4180
2045 4413
2794 2908
5578 1228
1339 2793
2730 2886
1908 770
1817 5133
5390 2550
2123 5028
4453 2832
1393 5238
2095 4825
84 5637
5344 2593
4296 2101
968 437
394 2371
1238 3053
5202 5964
4703 3524
55 4993
5917 973
3188 5129
2566 1174
777 231
2928 4300
2655 3755
4008 5130
488 4906
3315 3991
5017 34
731 2179
179 2487
4260 2168
4041 5086
1314 101
1795 5253
5480 2112
690 4819
4180 5579
1200 764
5090 2389
427 1515
5873 3654
3848 1379
1655 398
1681 509
2572 5056
3639 2365
4267 1651
756 2372
178 2151
1945 5171
586 3893
1481 3596
4100 1106
2149 4621
365 2788
4569 702
1827 2499
2074 2215
4278 1265
3988 1215
1790 937
1055 2250
585 3041
2520 3809
3109 1551
2343 1166
5273 2641
4205 2091
741 5109
459 4978
3526 2078
10 1241
5667 5117
3753 601
1746 2164
4985 2193
3757 1659
1917 3664
2665 2266
2589 439
4498 1463
3981 3426
1086 5771
2218 4289
4291 3818
2259 2985
150 954
5075 1033
3402 5599
4389 1613
3121 2926
3915 2771
2336 1815
1713 3901
5613 1683
1591 5140
1990 679
692 30
639 2572
3077 3377
2940 3957
3848 1499
5680 2375
1398 4786
883 1952
4119 3602
5723 3380
3294 187
404 1566
658 2242
3126 189
3153 5982
4098 3974
830 568
1524 4876
4887 397
2641 2755
289 5445
4286 953
4064 3094
1473 1215
5890 4593
325 985
3240 2799
4930 1306
4015 1308
2070 4823
4109 2765
2933 1905
2293 1713
2803 1822
1537 359
1675 290
798 358
1447 2059
2125 3838
4347 414
4130 5605
454 1830
3306 432
1907 569
4755 2249
457 5563
3912 2935
1340 3661
5080 1343
5047 1491
1350 5979
4626 215
2746 4391
4464 2884
2787 2202
3665 2755
4291 1418
3106 163
3268 1257
4399 1261
4232 5821
5851 4403
5089 5038
891 1785
4080 3111
417 2404
856 4480
1343 195
487 687
1597 322
5110 1463
3510 2711
4207 817
1249 2422
165 2900
1571 2118
554 125
698 5753
4167 2864
2042 3838
5266 1866
779 4503
261 1152
5906 1659
2580 735
338 1916
3934 4987
112 5356
746 5537
3572 4654
2228 4238
1785 2632
4175 1454
4989 1079
4181 5483
4460 5530
3510 3990
723 1615
3025 718
5107 3807
611 647
5034 1139
206 3521
5790 1829
2500 2184
2615 4930
1043 5200
102 4066
4107 3556
4623 194
6 5046
3303 1493
5123 2471
3799 1229
3338 2835
124 3496
4748 1232
5651 4006
5869 432
5729 1484
1583 3563
4988 3251
5868 2651
4392 2489
4723 3326
4721 3327
1787 5222
3133 5112
4035 4615
3739 4779
5884 137
3714 3254
2098 1649
5578 2189
1086 5208
5035 5615
1770 2911
298 4161
4564 4639
2109 762
2782 2944
4929 1012
1745 984
930 2929
2629 5688
3392 2619
308 3073
5397 156
4905 898
1807 2449
325 2605
259 2574
578 385
1252 722
857 450
1489 646
83 71
1626 5970
1028 5757
1513 1953
817 1229
1104 3437
4204 1907
4457 4480
5141 4926
4252 148
2880 3450
2485 4723
17 488
4851 4280
5916 3647
446 1390
3877 2098
995 231
1750 1108
1179 4452
4013 1897
4209 2183
2584 4572
1151 640
1177 755
232 3835
1500 3169
1741 1417
4486 5059
121 4070
5141 1488
920 1063
4468 3409
3252 945
191 1786
4361 3617
4661 2890
3063 1963
2422 2299
5504 1664
664 4767
2692 5777
3231 3761
4894 5248
4728 5171
887 2373
5147 5596
4686 742
112 3065
5909 5211
2294 1656
1445 2336
168 1021
3580 1835
3573 4895
908 19
1732 695
4623 5796
3275 1611
1780 5957
2829 4041
3967 3568
3261 5311
3721 5541
750 2437
520 2550
2756 2603
4020 2195
630 2338
1812 2963
1271 4211
4677 5106
4707 5089
4244 1355
2279 5608
798 3149
5558 1817
2335 5843
1979 4481
825 5056
4493 481
2810 5738
5061 5348
22 68
3623 3174
515 2676
3915 3280
4950 5677
4720 5822
946 4799
3918 3355
805 5433
2730 1456
397 3656
1675 3531
2611 5582
4121 4852
3392 72
2289 4090
4429 804
1644 5700
884 5320
2502 4497
3332 1809
868 4271
1180 1478
2498 873
4238 4047
3127 5996
4699 3008
930 2089
2068 4115
2865 1424
5129 2572
3619 5058
2374 1120
4595 4842
3641 4003
5791 1008
1602 4494
1313 1107
5051 3870
2597 977
2283 694
4056 3250
5326 313
1268 5035
108 4583
962 1617
4515 4881
5480 2110
1888 314
4833 3877
2627 884
3963 488
1116 4715
2969 3347
2228 5781
5523 4764
5244 3707
1385 3472
847 3715
4162 4405
1605 5043
258 1571
2545 4394
853 2587
5439 302
5652 5320
5787 2750
2611 1258
3645 1773
4819 5371
4739 1407
2471 2285
408 5001
3633 3661
4433 3549
2156 1126
1764 802
5625 1251
5120 5001
5738 4796
520 1198
4736 3306
491 5237
1124 578
580 1478
4042 769
2855 5920
3049 5959
4427 3406
1171 1954
240 771
1346 2529
1384 2548
3739 2542
2450 3776
4524 735
4600 757
1213 4518
3789 5278
4446 3168
3868 833
5297 4743
858 1378
1824 1887
4475 5850
1109 5366
2850 4767
2241 1693
144 3237
1814 3942
2520 2049
3041 2017
3966 4509
1268 57
5895 1969
3102 387
3990 71
1569 1098
4174 4940
4947 4356
996 1391
4659 1941
3909 2350
117 4694
2375 4639
1405 3244
4385 2310
3104 3478
5124 5479
4062 1674
1434 936
3939 4804
5373 181
4282 711
4133 5816
596 3660
805 1283
2057 859
3716 159
152 1937
1575 4831
1097 5096
979 4133
2041 1818
4569 4137
5704 3985
4348 3275
4473 4217
1394 2213
5038 398
3694 3950
76 3340
1085 801
1423 4462
2896 296
4787 1846
821 4085
1026 637
5266 2613
4986 2497
512 3228
803 5031
194 5074
5821 669
2877 2694
3308 562
4737 4372
3462 647
2774 303
4888 1378
1780 3988
2601 3823
5537 5386
807 5617
1287 5857
2581 5814
1823 4147
1962 1592
2764 4758
3458 4576
4605 290
305 63
3602 5041
685 497
2396 3641
1020 3977
4857 3354
2596 3091
3460 4035
316 2463
5296 5550
4153 1017
2539 3856
4979 1546
2755 2770
5345 1475
2538 3812
5176 13
5057 2497
2918 530
2875 754
5916 4110
5833 1887
2173 2053
4466 2805
1896 504
1024 3724
1254 3839
2835 1224
2130 4475
1792 360
1221 4672
114 1546
3995 288
5035 4889
3913 1086
4064 2682
5548 2012
2274 1016
752 1777
2507 969
3153 5705
925 5240
5466 362
2496 3879
2217 425
4314 1920
1592 1665
4212 3495
4794 4129
4164 4446
890 3520
2902 2518
3243 471
4344 5103
1323 4918
4996 235
3846 2020
4614 2404
5619 1385
3833 4594
1192 42
2422 1733
1164 56
4417 2157
4711 2558
996 2895
3362 3116
874 2824
2507 2458
429 1180
2932 800
3362 624
1068 1783
4570 3084
3256 701
3756 4451
1133 3699
5402 293
4737 5880
2661 2790
1999 1400
3017 891
760 4104
3057 636
2922 835
4461 1116
5818 2470
2340 1641
952 893
1408 97
270 3504
972 3281
4083 2939
714 1014
196 753
1506 98
21 4200
3193 4747
2479 4192
3518 403
5394 3525
1799 306
1549 439
1238 3786
1596 2098
498 3029
2600 4185
1765 590
2787 4202
987 5366
2671 4592
3987 4878
3078 1716
991 2564
301 2941
5119 532
3767 1517
3055 4962
872 4930
1064 4322
2564 3267
5487 4055
1691 1581
1207 4947
1498 1524
3674 52
1212 2366
5950 255
2301 699
4732 5096
1723 1432
1617 3873
2163 425
3709 686
2345 3812
4262 752
2672 1576
1090 305
278 5732
3345 5410
2191 3634
1509 2183
3875 5164
1709 143
607 5783
5768 2284
2081 5032
1146 4084
1164 3983
3728 988
3348 542
1224 4921
2148 5487
2604 5195
1834 3741
5162 1821
4597 2761
183 3690
715 1682
4327 3972
1439 1336
190 2029
2040 1102
5678 4609
5963 1152
495 4050
4775 3538
2219 1808
3760 4110
2109 155
5264 1085
5052 1963
4840 1793
1306 3320
4384 1765
4033 2767
3383 2996
1718 27
1256 308
4970 2805
367 5830
3315 4104
1464 189
2087 4706
1483 1762
2900 2141
3160 3035
1366 1177
2055 5126
3169 5685
3717 5959
4316 5952
5055 706
4038 1741
1680 614
4415 519
1331 2049
4433 560
3060 2159
5007 317
4388 1740
4801 4767
2300 2067
1564 54
2270 1879
407 973
2194 4958
77 3329
1121 3863
2555 5788
2054 5632
837 2481
1037 2581
3323 2218
101 4294
2699 5553
2801 5516
1780 3379
3832 2357
5024 4760
5277 1916
1668 1
3347 513
5015 3395
374 1710
5401 3810
1387 1755
5926 5100
4850 3545
5786 3969
4270 1212
2626 2027
1399 5217
2442 618
5656 5389
2649 4413
2150 3601
2545 5321
422 1158
2239 2587
2235 2585
631 3967
3006 4214
4628 1525
1080 3811
862 2819
3684 5119
363 9
2330 4415
2409 1301
5702 178
5284 5774
2113 3307
2646 3778
2185 1469
469 275
734 4141
3290 332
946 1784
5473 4481
4208 4746
5069 3911
5304 352
3275 4942
3129 3567
2726 4364
1911 1013
2110 2561
4802 2313
1264 128
4320 2696
17 2319
2213 3413
3513 4969
5058 1490
5434 4576
5120 4477
522 5331
2602 4291
2978 1570
2291 1693
3876 2886
2908 372
1592 2205
2717 5461
5493 3531
2690 4671
4795 2608
4152 1345
3035 1439
2224 2586
5373 4968
5854 1096
4201 171
4664 5548
1848 4618
3253 4202
385 5872
2718 1293
1251 1709
3216 168
3758 439
4314 3725
2230 699
2927 3789
3685 3144
5376 2827
5595 2216
3199 1146
4678 1705
5916 1028
5256 4859
1683 755
2084 4569
3717 1784
2324 3872
1858 949
1423 5859
4263 2070
429 147
2449 1165
4567 5806
1342 2218
1241 4597
636 2196
1164 2092
3798 3329
3385 851
1473 1839
1265 4300
1274 2744
2022 1066
5169 4593
4479 181
5530 5846
413 2244
3698 2339
4113 2502
5137 3014
4223 2545
2932 4197
2612 1818
993 2591
565 2805
1897 2139
2210 2223
2850 2415
4681 2602
3961 2196
2945 446
3891 999
781 1528
3173 5967
2066 5425
2397 998
1963 1181
1391 1535
2195 2382
1583 3600
125 1749
2943 5313
957 4256
1519 5001
5774 2280
901 2649
676 254
98 413
12 1252
5506 3619
2749 2959
3050 689
1578 1105
564 1013
4304 2695
2008 259
2896 2529
5232 1404
5594 1449
5624 3336
276 1918
5658 1071
3113 3519
4990 5635
990 141
4832 2066
3683 4675
3180 3509
2064 3979
2986 1947
5955 1948
3061 2503
3589 2879
1640 2684
1633 4103
1953 4327
900 3445
1056 3751
4982 1292
4441 2556
1090 5952
2690 5455
1044 4856
3769 4816
3947 2265
3945 2697
1651 3588
1358 4991
2150 5611
4723 1132
3364 3625
2269 962
1154 5085
2391 2619
5069 1910
2289 3421
5385 4363
603 2409
5767 775
2601 844
5389 3294
678 237
972 5578
3609 1815
1153 603
4909 2445
4879 322
4737 389
3555 3636
3217 1853
5563 11
5031 3373
3711 961
4100 4365
5494 3881
5245 5020
1111 3507
759 3811
2859 4349
850 241
278 4937
1117 1357
4778 2972
2832 1857
4177 1168
58 3043
5571 5533
890 5554
678 355
2686 2613
1222 3433
5476 1464
1239 1911
3367 911
2969 208
4128 1820
1890 819
3396 4803
2079 3710
1151 5561
5049 2683
2980 2117
3474 920
2412 487
2840 221
1790 2895
55 1462
3407 778
1083 1968
3092 3496
1710 2293
1263 2192
1518 527
5373 778
585 2128
4168 5537
4769 3126
5384 1490
5054 1673
3686 2149
982 3773
2371 1361
2621 1262
308 5787
2178 2189
3140 2798
4858 1457
239 683
763 4219
3193 5946
3013 563
1715 1160
5753 2625
2554 4467
3325 3552
4815 761
5082 5698
1847 2053
1647 2217
480 3981
3243 3255
2771 3979
2935 3929
4490 2102
1490 538
1602 3721
1172 4066
3900 4183
2815 1735
4210 3146
3402 726
1367 1770
4980 4584
3492 818
3744 2522
2452 61
5922 3942
1687 3501
325 254
1638 2431
4864 972
4897 3891
2569 935
1390 4644
1806 4884
2129 5087
4528 2879
1398 348
3307 4482
1803 2531
4724 5965
4930 1672
4582 2010
210 3904
4149 660
359 2621
4295 2439
263 4757
3705 5418
3588 4531
1192 134
2650 3617
2669 3943
464 5712
5087 2888
1744 4095
2164 2221
2319 4609
1032 1350
3256 286
5601 2019
4469 1449
1326 2798
1804 4493
5272 5025
5214 5058
605 1266
1909 925
3121 1599
4408 651
1108 2109
4645 2859
3214 4109
3001 4544
4231 5758
5433 5281
5020 995
3971 2044
2603 3393
3603 4448
4006 2985
5978 5053
5147 2546
3089 4874
168 4766
4039 3897
669 2452
1776 2350
2370 3831
2866 1452
3297 4661
493 5299
216 88
149 5134
925 427
2827 1504
1575 2397
4890 5817
4477 925
3110 1831
2404 1274
3734 1795
144 0
1489 5808
5620 5666
1832 4538
5419 3484
5827 3176
2741 595
52 4323
4868 550
663 255
1813 1054
3323 489
1130 5356
4908 5148
229 2315
456 3413
3698 2696
296 3365
3769 3658
5985 5957
3432 1775
5226 44
5933 5567
4519 5882
738 2273
4064 3680
3629 5225
685 1409
2667 482
1458 5848
1636 558
3104 3137
3192 3181
5383 677
5001 482
1465 2810
5579 5516
5124 347
1325 1023
2259 1280
4336 1129
5624 5388
722 4657
4893 230
1962 2550
796 2989
1793 5393
5740 2487
3010 1888
3313 2568
2678 4171
5897 2779
2356 2997
4644 2077
4797 928
615 5566
3431 4670
1115 1727
3582 2173
1742 3557
2870 2841
3739 3893
2213 5631
1256 3025
804 2103
3520 3909
549 4742
1473 4468
3582 5373
2964 4521
5537 2690
2448 3722
1310 3196
4954 1886
1988 1657
1717 5564
1200 133
2324 4662
4276 5670
1146 2208
5200 181
705 461
2539 1112
1505 1415
3319 268
2083 5963
3155 5491
1753 5315
401 5854
1197 97
1166 4364
3264 5419
2389 2586
499 1810
2841 615
5488 1598
3298 2214
1268 3245
2634 135
4961 5398
1622 4508
4433 2244
567 375
1144 519
783 5580
3543 3914
1628 340
3310 1037
919 3490
4647 3591
1239 3138
1343 3254
373 3731
2353 2737
907 1329
773 1398
4789 3502
2007 5037
929 4502
1489 1506
553 1566
5800 4175
5760 41
981 5298
3451 5093
557 5970
5284 2150
1726 1891
5629 1237
3958 2762
5268 5358
1107 4301
3524 3607
222 3621
3766 1735
2490 5306
472 5200
3828 1959
5480 2665
997 1453
5949 4033
359 1290
851 1040
3036 5735
1791 1842
4955 3552
3277 1189
2865 4922
1334 1477
722 1591
778 4459
2874 73
976 1084
1155 2095
4719 857
2472 5607
777 5193
2835 2321
4144 2737
2569 1817
1361 2419
5322 5513
1312 581
1271 2239
1477 2086
3332 1355
3053 4655
2616 2294
1058 4091
4965 2632
2846 5701
2527 3008
2286 311
1774 1591
1939 5688
1376 849
1679 2199
4375 553
3111 5572
41 5059
2568 3308
3095 4839
5309 5459
174 2730
178 4827
1470 4189
1912 4414
197 5435
1125 5995
3513 822
4860 1019
5986 5589
107 5185
5235 5598
5452 369
588 1700
207 4063
3126 3078
23 3772
3762 2071
157 1296
5157 3916
717 1080
2779 4062
3695 5226
2352 2549
1072 5306
5483 5259
2588 3872
5330 2660
3859 5012
3261 189
5904 4476
2853 881
4408 4712
1324 1411
5288 3393
4101 1318
1139 3869
1902 130
3725 5395
988 2440
5974 973
5807 5057
4306 3311
415 1663
1603 2084
1365 2479
273 2957
2775 2658
1909 3251
3180 5826
1418 4657
1901 1202
3126 4865
5730 5479
4297 545
2425 3651
2603 4074
4556 3715
480 1685
3268 7
5728 3413
4876 1564
3877 202
1707 1037
489 406
2191 1317
3140 3653
3544 5178
2076 5848
912 4894
2301 376
5202 1158
3233 1679
4081 1964
218 5940
2222 4878
4673 169
3197 4023
713 2285
4575 358
4540 103
5158 682
3030 5110
538 819
3267 2636
4988 5600
2625 3437
2519 3238
5677 5946
742 4942
2542 4849
2022 468
5040 2628
1530 3771
2779 1851
1085 3301
1138 789
3021 32
1435 5261
475 1575
5644 4573
3619 151
2541 880
2049 1695
2700 5110
3824 4552
5281 4614
5352 3634
1416 2006
2320 410
821 4219
1486 1301
5566 4366
1937 1032
5908 4187
4982 4714
1938 2734
1704 2611
3353 1247
4620 1349
481 5197
3338 3147
4560 550
2726 957
4186 3779
5357 3889
5338 4917
2146 1881
1532 1186
5605 4254
4505 3649
4529 3669
3661 195
3177 465
656 46
2747 1961
4487 2615
648 5213
2104 1985
664 657
959 3091
4460 5182
1889 3015
2351 3296
5483 706
5024 1218
2512 2554
3043 4755
2170 1903
2854 4770
4932 1317
897 855
2095 1664
5737 2554
3857 1350
3570 2631
4721 1724
2677 2750
2590 4069
4997 3981
4549 1563
337 3665
5013 1843
4139 1772
20 5022
5229 4632
5633 4910
2749 5634
2560 3464
2628 3498
4898 2442
4386 2186
3871 5028
1109 614
4628 822
4365 3123
5996 4976
4902 4437
4414 4185
1271 2189
3776 1639
3000 1243
5489 5229
3286 4150
5867 2361
1036 1744
4877 4463
3473 962
3969 1028
2250 5040
3049 2065
3884 765
715 3647
1491 3507
1335 3839
3381 1241
1378 5349
106 5799
5461 2091
3669 1451
4404 1259
1992 3989
3486 467
4374 3991
2722 4797
1905 99
1484 211
3974 1526
1602 276
5982 2458
2018 452
2374 1686
3639 4446
1011 3754
4951 1784
2455 505
2275 323
4276 4377
776 4346
2244 5404
811 286
2340 4110
2623 4019
2879 237
773 5160
3779 4811
4282 2112
5002 4284
243 2553
765 5067
4017 5485
3477 5247
4999 4405
416 1078
1220 1668
1974 2784
5184 2703
2315 4154
3108 1356
800 718
4411 1488
4111 4709
743 2032
1251 1266
1524 746
1882 957
2960 1496
1444 1688
1595 3364
563 5283
4762 5332
2947 3145
1915 2613
2785 3320
1054 1761
186 1203
3781 2253
2780 174
4011 4645
1904 600
162 433
142 5133
1609 4106
1945 2613
753 2177
2825 1426
3817 1890
4415 2185
3821 1888
1235 4508
1320 2194
1458 2271
3394 528
2434 112
3025 2888
390 3702
4498 1660
5007 5443
1219 802
2193 1291
2801 1439
3759 1968
3217 1711
1451 562
126 2532
296 2383
3496 3855
4194 5515
4146 1135
4536 1194
5547 2131
1988 3235
1425 4371
5124 1006
1066 5214
4802 2829
5581 280
4947 599
1917 5537
2987 5066
108 569
2862 1944
69 4209
1108 4805
1672 2879
5817 1446
1826 1690
4547 2149
4999 5959
5550 163
1972 2478
1384 3496
5642 1049
1476 5831
5007 2515
5438 155
4044 3554
934 1588
2051 5591
4516 1411
4964 1251
2266 3983
3253 1960
2241 5148
1038 1418
4438 5063
5463 1676
5271 2349
5333 2316
295 5078
3307 5424
4794 3714
4901 4733
341 2234
5249 2379
5432 2349
4462 2822
1600 5296
2931 3718
5648 5208
683 2666
4710 5731
482 2390
2532 3413
162 2550
5908 557
1403 902
2131 1298
3498 5017
3829 6
2933 2534
4079 2987
2373 1925
4915 2750
2961 1775
2375 1924
4464 3962
4766 3725
4715 4786
4597 4989
4831 3783
1593 1204
450 5208
3481 1636
2986 4460
5569 5192
502 3692
5719 4697
2116 320
3849 2261
3517 2447
5011 53
571 2273
2221 3498
756 4758
3987 523
1042 271
3151 4401
3295 5140
4998 335
3229 1631
2949 1491
2589 1311
2023 994
2658 2256
1898 3668
2288 2457
2894 2118
5538 4220
4727 2707
580 3258
1052 377
3007 4696
1853 5667
3131 2709
4424 2877
5044 2627
3240 2714
424 3098
1775 2884
2965 3577
3298 3681
390 2259
2968 3548
4252 94
2761 5304
1517 4906
3261 5353
418 4138
5711 1863
4133 2605
3268 4146
1209 5341
5314 2064
1649 1720
1803 3950
2868 1290
5130 2709
3558 319
393 4479
2381 5405
3451 2779
3840 4994
5468 847
4443 5468
5744 2843
5479 161
4162 5241
1047 2636
1320 3702
1453 5572
4670 4786
1901 892
511 53
3455 4630
5720 2997
2191 4334
2420 2894
1103 3529
5870 3864
4231 2857
659 547
1516 463
2269 4903
2617 4693
5200 2125
3450 1240
4636 3720
4780 3792
1264 1534
665 4927
3611 2604
3909 2691
1716 1241
236 2037
3834 254
2064 406
674 1231
485 5023
1592 2658
3000 3234
3242 4412
4213 2914
1276 3894
4702 1127
534 4377
5815 730
2467 780
2355 836
479 3412
4022 5517
960 4600
5765 3434
4588 2942
754 753
2751 4807
2853 4618
461 1901
1500 4238
5502 134
478 2774
1593 5940
1155 2015
5823 3777
2550 1535
1705 2953
1977 2817
4017 1348
649 984
84 5767
1563 4016
4608 4276
3602 732
1554 4923
1106 893
2466 4578
2244 1244
1293 5704
1937 5894
402 2582
4508 3633
1257 3803
3072 3605
5740 4290
1793 250
5698 3162
276 2033
687 1566
5521 3457
5446 4601
1560 5241
1543 3718
82 1637
5807 4363
5749 4454
2635 856
1367 1238
4089 929
1263 4069
1387 3879
4940 5830
659 2566
2725 1245
4035 5144
5617 2786
3112 4671
82 5122
3729 1874
5358 5796
5916 5981
1323 1883
2151 509
2514 2903
3935 2220
3871 60
5594 2889
988 74
4094 4732
426 5462
801 916
3265 5665
3888 3987
285 4468
992 4099
5628 5866
4979 442
5321 615
4949 4456
3698 907
4243 261
4475 497
4081 1882
3207 1761
5411 1193
3469 2302
3421 3360
1165 2504
1059 2463
1865 3626
2507 2411
193 5802
3126 1185
137 5774
3446 1025
3212 1276
4010 2022
4884 938
1604 2306
3476 4747
1235 601
3718 2435
4077 806
3813 930
4682 202
5413 5997
2836 1467
603 5484
4428 2199
3602 4889
2097 3981
667 2776
2592 1003
5688 4550
2759 2463
897 3388
4871 1407
3627 2305
4057 1017
5266 1100
2396 5451
1431 3969
5627 580
723 2512
641 2553
2436 1690
3309 4126
1944 404
5198 2175
1364 242
41 5256
1376 1149
3405 4142
2546 1665
3075 2662
1175 2748
2571 3570
349 4644
912 1055
4712 3299
5150 4541
3727 4539
1651 5573
488 906
578 607
1330 4964
2934 5190
2256 3284
3467 195
3361 1196
1861 5561
2877 4997
2163 437
508 3970
492 4740
2642 5979
3740 1616
197 2662
3897 74
2305 854
3972 1077
2334 1912
5846 2204
2127 2497
5947 1659
105 4594
5568 3301
467 3869
5230 718
5819 5716
17 2711
5493 37
323 4549
137 4384
3590 2409
4582 1689
2166 114
5607 4778
719 1309
3101 4033
5453 873
4058 5202
3968 5247
556 4777
2238 4340
1313 522
1694 2501
230 2809
399 5764
4262 1031
860 3578
4861 4129
5268 3845
5047 5769
3056 3770
383 1560
4066 3398
5232 4674
4902 4585
1739 1804
2924 3055
5714 1392
4930 2040
3009 3166
1470 1494
1540 5501
1583 377
52 4132
3053 5493
2715 5582
1544 1670
1423 3510
433 4009
1092 896
1454 885
3272 1990
1659 177
2782 4850
1536 190
5181 2694
4320 366
2888 3258
5218 2004
4368 1389
1770 3728
4044 2563
2327 5876
1201 2189
981 2879
1190 5858
3979 1893
5318 243
1500 2174
5280 1056
4287 115
2068 4598
5242 486
5895 5224
1259 3705
3518 3164
2537 959
320 5563
2647 5540
3439 5688
3647 4128
5204 2309
4948 2693
1147 3875
5823 1601
4359 113
1923 2867
4375 121
4536 1361
1850 3600
1813 4525
2074 3704
4476 715
5129 4672
4885 4558
1051 1640
2081 1082
2157 1052
1697 2575
3528 3024
5810 1645
4880 1212
768 3252
3686 2567
5328 1884
4141 143
4341 227
1539 2968
2719 3542
602 4583
687 1933
138 1434
1083 425
5833 4245
5966 3142
1091 5105
3041 2960
2892 471
5012 3515
1190 1570
818 4304
3189 355
2717 535
1141 3732
3042 4975
4357 219
5456 4352
872 1661
4598 453
1072 2854
3955 2052
290 567
2271 4825
2645 2045
4591 2592
4457 3320
589 1386
861 1506
5271 3591
3447 759
2207 3
212 5369
995 371
4747 242
2293 5782
2364 2554
2076 2410
3637 1134
2005 1512
3010 48
5417 4981
1390 1802
236 1483
3606 1917
2086 1125
4168 2130
509 3771
2829 3011
5817 4544
5740 3514
5048 3920
1712 1492
2926 827
4892 3842
147 2927
5889 3665
5394 1352
3952 2169
5780 1163
2589 1433
4943 2352
1946 1709
2880 4714
4713 2701
2802 4787
1484 269
4730 2774
4898 2397
961 5436
621 5610
1469 5634
5673 3049
597 471
376 4585
756 4143
2168 5034
1713 221
1985 101
81 941
2970 3226
1133 1181
5363 3282
2521 1331
3803 1714
2734 4263
118 554
5302 2122
3337 2692
2014 1770
5765 4695
3649 534
2912 2710
2425 4782
4102 2561
2458 1743
5885 5294
1247 564
1710 5947
5868 1796
794 3583
5102 1413
4308 1048
425 5838
3232 2683
1945 228
5676 4411
109 4107
171 4200
145 2549
2935 3078
1728 1603
1228 1861
5757 1068
2495 5158
3270 1353
1044 288
83 4887
1780 4763
3470 5926
3661 2656
1538 5175
5433 2489
1077 319
2168 4874
3134 3763
4455 2878
4815 2794
3130 4483
3583 2897
5491 2838
5493 2837
740 2797
4584 875
1216 1066
4486 3721
5855 1958
3272 4317
2754 3573
910 2387
469 4713
1627 1464
687 1986
4356 2425
3239 3513
187 2999
901 5622
2038 991
1460 766
2186 4166
797 3197
2067 5084
25 4523
5649 1882
9 2166
2032 5112
2229 586
1641 1316
2237 5066
936 592
2748 4601
822 1686
1818 1152
919 4407
2897 5460
2738 3928
4659 5896
1123 2454
5923 54
766 230
1221 773
2886 4315
4487 843
3035 3685
4327 4459
2870 147
5179 2428
4875 2788
3920 4314
787 3083
4543 1373
346 1600
1613 547
4077 5273
3673 5187
2508 3438
531 761
2231 5012
2169 8
4682 1793
555 2587
3736 1619
2778 1138
5834 5051
3260 42
1042 1149
205 1572
4442 4862
1764 5355
1456 2974
589 4627
4189 708
4469 592
4171 2448
2763 1232
1192 5447
3792 4219
1470 5580
215 873
3108 2784
1369 5197
863 5966
2735 2625
4407 1933
2279 4388
2478 1424
5917 2190
844 5815
157 846
634 3533
2564 3826
3807 3281
3275 3547
1191 2541
5124 5581
2963 668
5647 3154
2920 3252
1899 2599
1046 2488
4496 635
2924 3845
4324 5856
4497 3792
2573 798
2827 925
2644 5410
2543 5603
1445 5062
5101 4803
4119 4926
2546 988
1680 1133
590 1661
1297 110
2853 1908
1442 3591
1039 5975
1242 1516
5385 4904
3024 116
2325 1419
2461 4142
25 5356
5368 141
5150 254
4531 4593
4086 2242
5361 1419
1456 5718
2480 4182
4611 4629
5444 3494
1160 4733
3659 364
4554 3750
4175 4724
2062 580
1590 1368
889 2913
2899 3956
4593 549
1544 1994
349 3603
2401 3534
4958 5152
5637 4428
1834 1451
505 2097
5708 954
4213 5270
3763 5467
4737 5983
1444 2269
4446 2419
5417 5267
1582 2784
1162 4457
877 5744
253 921
497 799
5838 5395
4065 3475
4666 704
1474 2364
4991 5714
256 671
4016 1479
3962 1442
3797 2916
3899 2963
4443 1187
3726 2597
3568 2970
435 4389
2135 4137
2240 4317
2945 3853
23 2758
673 2973
1948 517
3868 1605
4543 2374
562 5299
2080 4538
3776 3825
2472 3397
3434 3876
2302 2803
4166 4238
5222 4766
5773 4058
1976 3969
818 3599
1607 1669
5991 4546
440 1725
2412 727
2248 4275
1796 5973
4080 4911
1539 967
1438 2169
3996 3448
3636 3500
4254 761
1264 2940
2327 2877
2993 2670
5993 3381
961 1889
1295 635
518 3055
5884 402
1659 4187
2750 172
4009 616
5092 1630
4267 4558
2377 2645
4800 2114
1312 2257
4245 5601
5805 5885
3868 2130
4139 852
4915 728
4346 5361
4490 5193
2851 22
5043 3166
1053 1929
2391 2583
4505 4403
5571 3290
2573 829
5688 5724
4234 5381
2219 5893
1145 2728
610 5045
964 4966
2502 2508
5468 1921
335 3378
2327 2334
1427 1933
1623 1647
1825 5342
2848 1710
543 3106
4847 3759
266 5385
57 359
2524 5103
591 983
5621 1759
3129 2617
5367 1849
5524 1602
5007 2911
142 923
4504 2832
4314 2993
2317 4970
3902 5146
2342 2230
2693 4950
206 5437
2104 1518
3444 1864
2367 3966
3561 2990
1032 367
1604 4295
798 4714
936 466
1787 5995
4090 2043
1771 2179
4491 819
814 1739
3172 366
180 1798
3206 287
1996 3927
1609 485
309 603
2441 4777
2558 1698
3112 4136
3706 5114
1295 4251
780 4971
4546 3703
1160 1234
1355 4640
4905 5505
4229 5207
2224 5758
4933 5714
3086 3559
4087 4416
1218 202
411 65
5756 322
3089 5484
5183 2545
4363 2923
2950 4668
186 3819
1593 4970
5925 3283
5707 3172
1193 2930
4529 510
460 5912
998 5645
1176 5554
4924 1241
3108 2901
3484 732
116 1064
1227 3413
2898 232
3560 949
3042 2951
2391 45
1357 974
4526 911
3151 1872
446 2521
1002 2291
4699 5179
3171 3311
5813 388
1042 742
5380 2669
3959 1554
1687 738
3263 2038
3695 1694
4088 440
3750 279
5308 3877
2730 46
3006 3876
4255 2372
645 73
41 1652
5686 3811
2544 256
1699 3254
4668 4043
2097 3538
167 2457
2684 4772
149 2341
105 4572
3343 5999
2746 324
5754 3876
1564 1815
4289 3088
4723 3401
5900 653
3461 2572
5899 1867
5091 2664
5502 651
5033 3424
2584 1127
4560 2435
5390 3052
4279 769
1785 3790
1917 3259
4431 1954
1693 3147
2037 1578
25 4085
5449 1373
5104 4294
2313 425
178 3908
5432 1409
2691 5134
3803 3959
4967 425
2185 3166
1470 2037
3576 3132
714 2981
2954 3845
1260 4700
2697 894
2464 549
3232 165
5196 2333
4710 2568
5647 1581
1547 5047
5066 3878
2066 714
2214 656
5210 1288
5309 3947
795 622
3003 1598
1287 5441
202 3966
2602 2574
646 1825
2759 5426
1973 5003
2489 5261
4186 2735
980 872
3248 1242
3227 646
5950 761
401 5021
528 3816
304 3960
2472 1853
2994 1584
197 3987
1719 3242
4125 3762
2749 994
683 2025
2181 4335
596 439
5244 2723
396 3155
5030 2983
1635 5557
2257 1741
3850 5743
4326 5875
5456 5160
2040 5815
2260 4385
1492 4780
3905 502
2835 991
2675 2636
1192 2002
5436 3864
848 3312
3187 1361
1046 5490
2868 4835
1601 72
4119 182
1173 5182
5194 2113
605 3157
1413 4025
5753 5337
4726 2259
92 454
500 274
1444 3426
609 1264
1248 5685
5307 2665
652 5379
3920 5101
3186 1631
4400 2302
2883 4084
4643 836
1681 2333
989 3003
1435 1208
1616 3358
4644 1828
126 3593
5228 1660
2510 2034
776 657
404 5694
2044 5386
2575 3685
5298 5418
5481 2939
414 5423
17 455
4313 2467
2631 1260
2270 3056
1637 1693
2141 385
4003 3913
4867 281
3547 5676
1931 4868
2875 3825
3169 4402
940 804
2599 1142
308 3023
526 2642
4613 920
5111 865
5408 2619
946 370
1035 636
682 5599
12 5260
1435 3013
127 2359
4645 26
3869 3718
1007 4160
1676 3928
1407 145
3181 4303
2570 2028
2594 2040
2812 4007
238 2906
2812 641
856 1619
5815 5972
1278 4191
5963 917
1167 394
2950 5712
395 973
2866 4736
3109 1306
2346 5342
4324 4638
3195 102
5459 3870
307 1326
3369 5509
2752 3183
89 102
1301 910
2793 1136
4780 4915
455 1905
458 1414
5449 1526
1627 1375
442 4287
2302 5853
4429 5175
1792 2458
5764 344
4575 5829
94 2987
4923 5641
4816 748
4800 1879
1278 3144
1138 3086
4329 5039
5249 3516
1873 5059
2662 5306
1173 2069
1743 2360
4530 5801
3009 1902
5147 3927
5261 3868
1503 91
3159 4280
1439 2657
675 2559
3176 737
3774 4195
64 5916
3735 1120
5584 2066
1200 162
3309 4476
2388 713
5398 5007
695 1448
271 15
4489 2124
1582 5037
957 597
2962 1902
3283 4318
533 1758
837 1654
269 1874
857 4951
602 2993
4678 959
1952 939
3265 4843
2581 480
5574 1081
1392 1317
1928 1113
3589 5774
2833 1454
2883 1415
2941 1432
5962 435
1850 2443
2139 4136
2339 988
1196 2338
5596 410
5504 36
3145 1744
817 364
674 1524
3812 983
5304 3833
4237 4339
1411 5998
3711 4041
2470 5685
662 5037
2321 3225
3669 3899
1957 3011
3518 319
5021 4670
1391 2814
1061 2786
3550 5135
2075 5410
5052 3742
3289 3313
80 1116
4990 4588
3328 5159
4420 1579
5786 1476
3886 2334
2818 3822
4661 5733
1741 2246
2317 5378
291 2918
5069 529
347 3361
5643 1673
1820 1231
160 4819
4037 3762
5411 961
3419 357
3663 1472
1992 5404
5639 1235
3619 2241
5829 4479
5 1596
4718 1898
5743 3907
1003 5561
4621 38
1791 5593
648 978
947 2532
3183 1937
777 34
621 144
2156 4481
3956 1634
2083 4601
3574 1827
2716 1174
5471 2084
2771 2018
1869 1254
4044 5846
2633 5040
5976 2344
285 1208
132 3684
2772 3108
1002 2598
1462 236
2966 2044
5812 2413
2550 1740
3230 4185
3018 4303
404 385
3764 1553
2732 1678
99 4726
3996 5439
873 4692
16 2553
637 4693
4208 9
2289 4046
3931 4988
1138 760
71 172
278 5163
3208 4836
2461 3710
2527 3746
4612 5980
5080 2818
5907 2324
2226 4855
1208 147
1719 1304
4140 4674
665 1807
3344 5819
2609 512
1955 3464
2220 407
3194 204
4853 2669
1363 2401
3223 3459
2056 1849
566 550
3886 5580
591 2380
164 1961
5092 2699
5596 2455
2923 2269
3857 2784
5183 583
4879 4354
94 3769
5684 1420
5640 1426
4237 4821
5989 4385
3504 91
4727 5032
2385 2524
391 3511
1827 4298
3233 2388
5083 4630
5200 3032
1180 314
1369 2484
4211 2494
1819 522
3214 297
284 2016
907 1493
5252 4707
3147 565
3577 748
1077 5586
3026 5758
3280 2459
3546 5402
3688 5315
367 1056
3212 3993
4243 5542
688 2183
1101 2171
5302 2675
1573 5930
3879 2599
3007 3486
316 3759
2709 640
2526 4757
975 910
5597 2183
3532 1977
5691 1773
4841 596
3523 1566
263 124
5495 2628
3068 4334
5393 428
5995 2742
2274 4453
4676 2071
1040 829
4136 3227
2648 419
4028 5467
1674 34
1593 3658
1948 3338
1712 3484
1443 4
1211 136
5108 1343
3173 3457
1233 5639
1870 962
151 5182
3013 4503
5491 4665
4902 1794
1673 3424
4665 1848
3846 950
3740 891
5214 2282
1642 1663
5962 3823
2897 2705
293 32
2168 5050
2393 2009
1544 64
2554 1977
2335 5083
2109 4938
3327 2636
4202 2980
1395 3897
4886 1726
4522 2016
4982 850
5180 5334
4199 972
1201 30
4683 2202
2586 2164
2762 2076
2617 3556
2370 5705
5047 384
1487 2934
3238 1860
930 198
261 5541
2764 402
2021 3953
5761 1987
2554 1641
1374 59
834 821
100 678
4205 4558
5920 3704
2753 3640
3199 4934
4786 2096
1945 5638
5071 3749
551 1617
5088 4771
5168 3436
1136 1953
874 1068
5332 4877
367 1505
1211 3743
5500 1578
1310 3611
3060 3033
574 1189
1614 716
1556 3760
5325 2476
5984 691
3317 5550
3188 347
4146 3960
3869 4134
5037 2309
1318 2357
5819 4327
2343 840
1674 1467
526 4369
3116 5632
3767 381
1484 1882
5560 3936
1008 2361
942 307
4180 4069
2040 1075
5305 4483
1343 1660
5523 3626
2733 5865
273 4919
2188 2801
5390 1072
636 5405
3078 4640
1096 608
3957 3465
4401 5436
1620 2750
2395 5934
3775 3626
429 2467
561 2938
1350 720
5318 2576
1336 751
1250 5667
2468 4224
3122 4302
2991 1809
2705 5237
1899 4744
852 1764
1919 4656
1196 5585
2880 4647
33 870
691 3352
2491 2204
3647 2910
257 5931
24 919
2146 2466
1153 878
3466 3547
702 2625
3270 3453
4859 502
1442 3193
2408 3318
4666 996
1179 5797
1505 5656
5379 3109
800 4167
2985 563
1842 845
5118 2347
1836 2594
794 2105
180 2542
2945 4287
4947 4455
5372 3776
2448 3343
5536 791
535 2375
5560 5761
472 2194
3675 113
5332 4007
585 3736
4629 262
869 5331
360 485
3286 1850
3559 4064
5527 4988
3580 857
857 3642
4835 5219
3673 1775
5389 2885
428 5378
5731 213
4425 832
3418 2230
4684 3776
2570 739
1104 1486
2330 3068
4445 2193
3342 1642
4120 2273
3283 1746
26 5313
3474 865
5582 3919
221 1377
2421 5258
5264 3081
542 5635
4416 2957
1647 5130
3656 1033
4001 3905
5681 905
900 4646
834 420
2769 343
5618 2127
5885 5843
188 2499
788 2071
4890 1150
5991 1834
1242 5825
2989 5302
5533 4037
806 3944
5918 1396
1428 5711
2499 1173
3400 2276
2479 135
496 2079
2435 4981
2288 2012
527 5811
172 1010
4357 5626
3340 4078
2402 3545
4568 4591
2785 2250
407 3441
2414 5334
609 1857
535 1914
4052 2230
958 13
4989 639
3876 2522
1587 1857
4008 335
4609 5251
4616 119
1039 4453
677 1817
212 4177
2526 5332
5055 5109
3985 1475
1571 282
3106 1515
1267 5394
3054 1194
5998 5852
2222 259
4927 1756
2260 2452
3060 2052
5639 5414
3938 2648
3674 4278
982 599
1616 2460
1512 2089
780 2907
799 703
2740 4635
788 548
3538 1351
1682 231
2303 3659
5582 5282
4902 3448
5617 1058
4418 242
732 2365
1250 718
803 5470
1302 3125
2263 165
5663 5639
384 2104
4232 5267
3310 5152
1177 3787
866 809
4372 2578
5808 4400
4040 5287
466 5034
2907 2490
5106 3025
3958 1643
5756 137
1992 2131
4277 3474
190 464
878 53
2473 4422
4052 3145
5514 358
4165 5346
733 2447
44 891
849 1412
4651 2815
687 701
2768 2226
3986 2579
2525 1365
416 5404
3635 3276
1309 2395
4107 4601
3685 303
485 2460
1556 1376
2595 932
4208 796
2969 1620
3016 2077
4950 1106
995 4977
4346 236
2920 3473
471 3698
4076 860
558 4819
3553 131
5056 954
5352 4703
5330 3385
2566 595
3273 5979
1139 4870
4162 4715
185 1637
4803 3928
5416 908
5433 3861
2577 129
5467 3184
1307 1104
5361 2644
2414 4234
226 47
1555 789
412 5347
935 463
3342 2416
922 2920
1302 5709
4583 2118
4087 4975
4795 861
4594 1261
1835 5526
739 557
2669 5204
5290 3415
3347 89
3035 829
5630 4126
2822 823
632 4744
2206 4879
4370 3755
5650 764
1021 5458
1204 710
3209 4634
5208 67
3210 5890
334 3579
2734 2059
796 3282
5507 1053
1100 228
4178 3253
679 4237
2316 5275
1037 2403
4812 5648
964 1606
4811 4817
332 1119
2656 457
620 2972
4816 962
2471 5498
1745 4801
729 775
1052 3669
3917 2322
2433 2676
2692 3130
5664 616
724 2499
2856 5083
789 948
2524 4769
4054 4028
4711 1152
4110 3011
822 5439
294 5175
4220 4144
1721 161
1762 2228
2242 1697
52 730
1687 5531
311 4084
1295 3560
942 5150
5629 2886
5986 4434
3299 163
3097 2180
1689 3524
4893 5097
738 4361
2366 2914
5785 2662
2686 4100
1520 1512
4192 3872
2241 5279
1567 5104
5191 4763
5558 3699
1876 1911
1512 1577
1765 79
2594 4703
2676 4724
3397 2031
1740 2615
2730 3076
978 2232
1504 2264
4489 5884
5786 2855
5929 461
2785 483
951 1324
2919 139
3451 2617
5159 1687
3579 2042
2650 4058
5754 2403
60 5667
3597 3163
5984 5539
4103 2119
2305 1220
818 1852
4969 4865
2900 3319
4197 5471
4561 5509
1914 494
4526 2692
5478 2272
4005 2960
49 2267
1423 2283
5585 5347
3340 1919
4754 4087
3529 2848
1583 4691
628 2452
1989 2974
5278 5826
5263 5220
837 3414
5093 1286
4017 2860
1594 2417
472 2688
1514 1933
4249 4548
3030 147
5412 4074
2148 5273
3746 3534
1560 2451
254 2784
1170 5413
5549 2445
4006 2114
3874 2048
5915 3751
3305 4126
4504 2710
634 871
1672 5501
3182 3744
354 2086
454 1440
15 1897
3928 791
190 1252
5308 3813
3036 3300
5073 5362
2531 4465
2533 4466
195 5601
2642 1113
5406 415
996 2786
5914 5836
5903 695
225 1714
1047 3580
94 1575
2214 1154
5115 1584
3803 2166
5573 5991
1930 5431
2079 1774
5294 2411
2274 1869
5022 2803
1452 5581
3367 2541
1017 2638
5885 204
3833 4783
656 139
3630 1748
2671 1186
3209 2001
2924 3635
444 3554
1067 5315
2973 5830
2163 2785
1733 423
3312 1471
1831 5188
1633 34
1856 5251
5202 1429
2714 2801
3801 2107
2027 3234
539 4096
2979 5340
2498 63
5019 4387
4718 3561
1510 3736
4966 1616
4370 4091
4111 3132
527 1340
1041 2602
4830 5468
1909 2078
4704 4778
5785 3269
5833 4108
2321 2703
2501 2789
5633 4904
3174 555
1808 5400
128 5840
1196 5794
1205 697
1112 2347
1958 821
1517 5632
268 701
12 573
3218 3402
2827 4471
1720 958
2933 4424
5143 2840
3574 2149
2476 2632
5342 1468
718 5395
3026 1404
5048 2377
4124 5446
4312 261
2980 1015
4634 5829
4555 850
2101 1961
3447 1288
4763 2814
5859 5842
2474 3398
5037 233
1923 2814
5398 1439
1164 3410
3265 1994
1421 876
2143 917
4691 3539
3206 2217
5845 3953
1743 2162
3575 490
4447 2420
1628 5826
4835 653
4225 1267
917 3449
3700 1065
4142 2820
179 3419
558 1370
3999 2547
2285 2634
3942 2915
5261 2214
2623 2047
2801 1944
3850 1775
3608 256
2190 2977
4609 3606
824 3471
5591 4680
386 1106
4758 5672
4811 567
5019 671
1934 4346
64 2638
3926 1213
3895 1127
2999 1575
2477 3799
4088 4401
4201 2696
96 5885
3463 1151
4480 1835
2837 5012
128 2096
4034 5974
3252 5869
4924 5064
4063 426
4676 4175
5473 4076
137 1304
1708 3098
3147 3487
5588 5409
2531 2436
2794 1523
2067 4255
1669 4644
437 5892
3268 1452
1834 91
1557 3767
2595 798
5975 4677
2069 4907
2499 5056
5622 1993
1772 3067
5510 590
5241 1015
1929 2575
3100 5557
3121 3628
1807 424
3806 4399
4489 1172
4673 1392
5577 5240
433 5842
4995 312
4238 143
2930 3441
4905 5452
5630 1122
3116 2482
5350 1495
3616 1743
626 230
623 1820
4900 1862
1516 3106
463 5455
3973 4714
5124 5530
5894 5055
2428 227
2414 526
1110 944
209 5571
4452 5929
4447 231
1383 1629
1331 1655
2554 3973
3287 4876
3489 5671
93 4313
3253 5351
1228 416
1688 3978
1345 3926
2172 2501
3274 5485
3392 391
4162 3846
2720 5444
824 2505
4486 4459
3949 545
1798 1912
2900 5334
3975 1887
736 5597
1202 5876
2565 1438
5540 2507
1881 5253
3193 364
2343 963
2584 5196
5056 320
2090 3253
3563 5242
4061 5473
527 1646
4664 2791
5209 2533
1011 560
2984 4622
3025 4715
605 5805
287 4960
762 768
2627 5036
2916 1999
5281 1596
5953 1996
5917 2018
454 2715
5941 5394
5818 3047
2269 2198
2744 2214
1797 1928
830 311
1767 2409
479 2805
2472 4318
3600 4866
1854 5151
5429 2549
4409 3059
629 597
1304 5388
2866 2653
503 5764
2475 2044
4647 2618
2156 4317
5973 3672
2227 715
5464 4111
3382 95
3355 303
2443 2091
4920 5048
2769 891
1368 4336
4591 1821
3880 987
2742 276
3389 2565
1506 206
3910 2215
1940 1554
1174 1547
444 1182
628 1402
4978 4236
3753 2065
1323 3536
961 3749
1159 4384
3593 114
2584 413
1776 4485
3329 1515
3598 2652
1883 3570
4897 1999
33 1070
531 1335
4770 4382
2130 1952
1428 5538
611 2231
841 4788
2303 5999
4 2339
5765 2349
2287 1693
5028 5229
799 4441
4441 4623
512 2539
3462 3624
4896 379
5943 5984
211 2421
4579 493
515 2733
3291 3521
5597 322
3509 1873
2234 4545
2067 2663
298 1173
649 335
875 1643
1750 4980
1312 4751
1842 1639
5573 4332
3953 4077
3761 2334
281 1877
3452 1072
2454 1605
624 2518
3711 2559
1891 3441
3813 4113
4505 299
1220 4290
219 2011
2077 654
4465 3640
787 1801
3210 10
4711 4972
781 4513
5169 4176
282 1717
4654 3711
5945 4324
3600 96
2053 5461
714 1248
3077 2422
955 3753
1494 2407
5639 943
3435 462
5425 3555
1493 1425
2125 861
1921 1211
5338 4577
5710 4267
1336 962
80 374
3885 208
82 117
1331 5877
826 427
15 5185
5718 1688
2718 2300
1615 1905
2903 509
4864 4831
3433 3300
4177 632
4745 605
1143 224
1753 439
3453 4109
1447 5554
3635 2664
3308 4880
3764 4668
4039 1718
1788 2107
4469 5278
964 2550
1756 2938
1372 1751
5069 5909
5925 5473
5250 162
4318 2932
714 3382
2680 2415
248 1789
4877 4075
4861 4914
847 2288
1094 1763
397 3689
4685 1929
5170 5032
349 1294
1498 2169
3481 2241
2091 2584
5205 1063
3042 5963
3233 2476
71 4063
3895 5182
3171 5244
3384 650
4543 1188
2767 1853
1426 5282
2189 2426
5621 1990
2231 4946
965 5895
3431 5657
1005 4444
5833 3876
5828 4915
2798 261
4928 3538
4318 2891
2397 5018
1184 3861
1448 4163
425 5748
972 886
1380 5341
1579 1870
1423 1692
504 4515
3870 3543
3978 3485
5716 370
3251 4638
2700 4833
701 2465
4224 5456
5051 290
4615 4491
5900 1004
1379 3856
3009 2113
2318 4084
2709 2228
1596 5360
2686 2283
5720 1336
2769 616
4603 4093
383 1239
4964 4555
2563 1998
2362 3234
1432 2803
4705 4840
3754 2561
5180 2623
4114 5672
4489 724
292 1862
580 1782
5455 4052
5812 314
5582 895
3139 1211
5249 2266
2743 5748
5301 5267
2722 4072
2502 3674
1356 5949
3873 4700
2820 1086
540 3350
4023 4572
2034 3812
569 5373
1453 3360
1893 3140
3992 4509
722 2270
5861 5813
3012 3513
1212 2565
4225 4548
3242 4946
3433 4631
130 210
2299 3642
303 2768
4201 627
4121 4231
669 5208
4468 2492
4122 3036
4364 4196
5373 2616
1072 3862
5318 1901
113 806
210 5432
4263 818
4773 52
1432 91
3407 4096
2119 4740
2253 4801
5914 2330
3079 1078
2760 4898
5346 2070
1325 5345
2221 4641
444 697
2709 2797
5882 4842
96 1567
4126 5320
863 2329
4668 207
197 1274
4772 4603
1515 183
5919 2509
1694 5404
756 1930
2164 4620
2227 1660
83 3012
1306 2353
5899 5193
1464 4883
4497 4982
4257 1274
1751 1752
5491 3693
4275 3213
5220 4823
3778 1465
1230 5328
3147 1228
4103 5611
5504 3430
624 1694
3590 5583
3288 5280
653 2458
1027 2781
3575 988
4332 4430
3261 206
5277 5651
1216 2605
5786 3251
5816 3234
1949 2560
2857 882
5954 4438
5702 4564
1873 1358
2622 2803
5528 1312
747 101
2960 4329
4346 5852
215 5295
5199 2754
2898 5010
2464 4843
919 993
2660 2344
2253 4225
4247 2953
5275 2447
2875 3867
4560 817
3825 1681
2078 3812
353 2495
5200 5896
3727 3656
990 4880
1076 2461
924 2633
4225 3279
192 5743
1715 5891
3850 1999
3657 3088
1194 4761
2728 5528
2153 2026
2468 4925
2182 3292
948 2373
5912 209
1996 5784
4011 1720
819 244
2672 2354
1745 5777
2122 2478
1223 504
983 5004
3672 2179
3945 1255
2945 1683
5937 2251
3066 5220
4813 4242
3202 933
1774 81
773 5806
3282 1397
440 1181
4767 627
3324 5706
3364 2343
3274 2512
4832 3915
2054 5479
3212 5922
1238 383
4172 3088
2768 5307
2567 4884
3317 1090
3810 2314
1250 3082
1265 3863
2263 2308
1134 330
1284 511
2151 5054
619 5816
2580 4434
507 5544
1468 2488
2766 3585
1640 96
79 8
137 107
2784 836
1908 2373
4827 2225
1183 4873
1325 2368
4374 5996
105 3042
1389 2400
5564 2593
4856 5532
247 2228
1263 3311
5259 5413
5901 7
3934 1597
1385 3168
969 3888
3175 631
5722 4984
1403 3288
5196 1564
4054 2497
3522 923
159 1388
3387 297
2539 4906
1185 1616
1331 2317
2524 2695
4211 5567
2840 3322
1687 2436
477 2593
4843 954
1947 2047
5874 4922
3743 501
1698 4494
2688 3778
5326 485
3812 5915
2392 5317
5033 4013
891 1988
1681 4794
2485 5416
2445 2502
2043 4502
5730 1568
737 1759
1717 1356
3961 426
2075 5611
1791 4761
3897 3028
3425 574
949 3496
2230 1585
1267 5123
396 684
592 1911
1578 1354
108 4449
1357 2498
1923 2213
5720 1936
2635 2012
3942 2300
5453 2494
1146 5396
5673 4091
5032 4308
5486 5322
3741 3362
649 2856
1479 2369
179 3067
377 2773
4280 5670
3893 1411
5065 451
1468 4086
506 3541
3606 5849
1952 4610
4359 3937
187 1983
2620 680
2921 4682
5181 3695
1702 4480
4234 5598
1673 4319
4053 5887
2567 2743
3962 2147
4059 5495
5926 4017
1342 617
3551 5770
1339 103
5911 2417
1530 3607
4676 5389
2201 3154
3190 1227
5357 1067
4520 3258
4042 2092
191 5560
143 3201
4246 100
4433 5304
480 2288
3270 2128
5653 3207
4605 3583
5939 3736
3471 2612
3809 4641
5272 2829
5172 2907
694 4164
4007 5841
1637 4656
507 4607
970 1782
3354 414
4807 981
807 2083
3362 2990
888 5852
235 826
4250 2899
87 5893
5967 4924
1292 1549
1819 2528
2498 4771
1624 5486
1736 5414
3853 1463
5525 5031
3628 197
5313 4483
3530 3863
875 2165
4434 5496
4068 1677
4336 2311
5999 4705
1872 1646
2042 1595
5008 4581
3627 777
624 4322
4082 5667
5474 2550
3277 4401
3694 1494
2629 5075
1885 5471
1874 5371
1207 282
1655 122
862 5885
5377 3516
1700 5878
1208 4629
5810 5173
5428 385
1438 484
576 5536
5707 2890
2134 4267
2318 2354
5799 326
1530 5873
5137 5674
5033 5622
566 2313
4838 1899
3626 2317
4163 1113
3602 4275
4367 3915
2022 4687
4274 5242
1590 2558
4480 4699
4978 5422
405 3776
349 2301
5458 5837
3039 3516
1255 3791
4328 4482
4634 4163
1272 1240
3020 1094
727 5777
1014 529
3399 2133
2136 299
608 4960
1226 4429
2817 3256
3050 4034
3596 3377
282 2746
2854 1925
2931 5023
1840 4015
2718 2424
279 4704
1295 2809
184 4658
3646 239
4192 4032
2922 5131
404 4468
2233 3004
180 1451
2854 98
3818 4785
3152 1426
2909 4708
828 3902
487 90
1595 2132
5020 5780
3502 4886
2370 4448
877 6
746 3665
3770 4974
2391 1161
3123 4353
5865 13
303 3054
191 2854
4698 5799
1979 3028
1879 2978
1222 5951
4861 2101
5608 5614
3474 48
3470 62
402 736
608 793
1290 2744
3074 3364
5292 5458
5821 2667
2189 1782
4007 635
1041 5728
4436 839
4565 5911
260 2081
5040 379
3816 4220
666 5701
4396 5968
3676 1014
4869 1861
62 1128
181 1600
4095 4758
2750 5206
5282 2582
2590 1352
3815 110
2257 5792
5184 3303
4631 5130
3740 4031
5616 1199
4996 5247
59 2481
2871 2240
823 3264
2979 2186
1044 309
3952 1159
4019 1356
4507 2648
1492 2060
1493 2035
2456 1886
3699 1499
2920 4478
3342 3442
346 2904
5022 570
542 4806
909 5599
2008 997
1254 3294
2132 2695
2563 3541
5487 1969
2984 1897
3959 4470
2352 1573
3551 4426
2191 5090
5214 1945
288 1050
3940 824
1451 514
1603 1014
3092 4834
1362 928
3419 5480
4303 150
5948 5788
2001 2841
2005 3759
5656 1146
2091 3766
1678 432
5794 2470
4324 1600
267 3447
317 3436
1207 71
4866 4961
4029 273
3950 5896
5691 5321
4036 4615
3646 4858
3862 4718
2233 1416
4863 2219
308 5503
1989 2419
5899 1959
510 5939
3143 1432
956 1265
4258 3454
2261 3770
2047 2351
3590 4269
4809 1400
5771 1881
5120 4470
2752 1130
1224 1244
4572 3670
791 4396
2355 382
4914 4193
923 4535
969 4510
4555 4734
5946 3350
5682 376
3608 1437
5752 2477
4266 2756
1033 1409
5125 3463
3902 3195
5387 5489
2076 5744
1480 4052
347 1974
62 4372
3427 2045
406 5526
448 414
269 810
3127 1463
5603 2397
1984 5213
5262 5713
4146 5135
4841 369
5227 2305
977 732
627 525
2327 870
3273 393
2843 2964
4117 5349
2962 3350
950 5469
3356 4616
3848 4866
2465 1189
4673 4738
2543 820
5652 4318
4360 4944
409 1807
1076 1196
5530 1511
786 3747
73 3973
4161 1921
3374 1934
3993 4837
1898 5205
2641 1767
5378 3440
3448 3727
1401 4254
2442 253
712 4184
2112 1631
5291 5075
1694 1593
4527 4433
5117 3142
1433 1908
2596 2423
656 4866
538 4935
5918 2337
3492 3761
3813 1692
1978 5666
224 2594
1057 4802
5360 3227
4824 3983
3328 241
1114 5255
2292 4816
5316 5860
1858 4564
3754 3735
3906 3683
2928 3756
4352 916
1806 5810
952 5353
3091 1837
1542 3043
1762 2961
2080 1055
1541 4624
4476 5046
3886 1378
412 571
4014 3666
5652 5742
2883 550
1259 1522
3937 4746
3570 3947
4466 5576
1619 3092
4067 4975
4996 2380
3751 5619
161 3620
2330 1240
2259 4108
2013 587
3058 4175
2919 5409
3694 404
5308 3325
5254 1836
736 3103
4070 2406
971 640
1554 61
869 5878
3418 4374
1779 211
536 5223
5209 2934
5551 4314
4542 3362
4503 3508
3529 923
1925 1145
1477 1369
5168 3849
288 1409
2159 3602
5770 5078
4917 3352
5780 4232
3545 349
58 1638
2994 930
3773 4569
4642 2918
1647 5552
5101 1621
2790 4872
2487 1713
5109 4113
829 521
3975 1108
2532 4954
1163 466
5950 4899
1431 1632
3044 2921
841 1081
5287 2737
1024 5875
1894 4210
1486 4390
5143 4491
2450 953
2803 4521
4380 2126
1568 976
545 1773
2370 757
1585 4837
971 1120
63 1434
5374 5097
5956 4660
1672 2996
2826 4149
2733 2959
4084 5919
358 1835
516 1580
4090 211
1285 2813
3412 5317
28 4705
2074 3239
2869 2663
3149 466
4185 494
5273 2439
3048 4648
1987 3597
4841 1176
2746 5679
2517 318
4584 4369
2536 2746
4157 2918
3294 4582
149 3539
1837 3599
3189 2658
4983 1507
4731 4785
2241 617
1319 3575
1984 4266
5227 1226
4884 4985
1503 1037
1676 4615
589 5613
3042 4360
3433 1628
5520 1449
2546 2968
1894 3138
895 134
1131 4474
5876 882
4505 5502
5760 738
3210 1426
4106 3026
621 5841
3242 5788
315 1604
4996 3925
1713 5362
3452 5391
2222 192
5496 362
5910 2830
1950 4865
1152 4750
168 4715
4120 1920
2924 2655
4680 4991
2123 623
2989 5635
5906 2511
225 5670
2315 3674
4343 676
3214 1719
4146 325
2156 5113
1643 139
1548 462
4054 1315
1780 782
2633 4512
2703 4547
2047 4279
5776 529
192 763
4714 4660
4443 3677
838 4419
3946 5973
856 4428
596 4554
5350 2411
33 5944
1963 5373
399 2686
3409 202
303 1781
3012 4220
2209 1501
687 1070
5681 3681
1149 1863
4011 984
4262 4173
1264 5298
1625 1644
3036 5409
3692 2829
4125 689
1771 2321
983 3923
4555 494
1355 2990
4136 5384
454 5112
2599 4424
2592 1371
5355 2203
1340 5217
2845 1325
5229 1324
835 4408
3191 5794
5313 2652
2731 2846
2001 3538
151 3697
5245 934
851 5945
2118 1699
894 1572
2377 5031
2432 1587
1136 5943
5832 3597
216 1285
858 1456
4686 5718
2589 3492
503 3956
5957 4113
1956 1137
326 1538
1191 4333
4983 375
1481 3527
44 1994
1938 5656
1845 602
2256 15
1336 1787
4337 1343
4625 4353
2398 1878
2253 4316
2098 1203
5589 4634
4493 4150
5451 4693
3328 2172
4932 1886
5459 5840
5505 5817
2740 3379
2197 4965
3136 1343
5247 5057
1068 2040
2066 5153
911 4197
4570 203
427 5452
4148 2451
5062 5604
2229 940
577 1750
4179 5157
4470 3911
2168 5339
4486 2900
4748 2769
1696 199
202 1010
3007 4728
2631 4226
675 5360
3770 1740
2373 4355
5115 3714
1321 1640
3001 288
5430 3207
3211 3830
2106 3197
3838 2555
1276 241
5686 2452
2028 719
1543 5706
479 3108
4003 2425
3791 2511
5963 5145
2732 1960
1236 148
3447 1782
5622 2095
2350 572
2396 1357
2683 984
2636 2490
2580 2454
452 5185
2911 1341
3369 502
2183 5657
4293 4990
4761 4737
188 1239
3136 2598
3288 906
1676 251
1096 2791
959 4973
3720 1390
698 1826
1219 1255
1513 1138
941 4521
5467 3704
2550 1706
3791 4669
132 264
8 2257
2909 117
5337 980
1961 2668
675 2281
3256 3818
1768 3010
5312 1775
5212 919
1872 4629
2824 3126
50 1185
4545 4136
5862 4043
5409 4816
283 3922
3177 5634
2091 3217
522 3536
2960 5350
5900 3256
335 4186
5946 3534
962 1970
1567 4623
2456 3331
2668 481
4047 3280
4424 2434
99 5383
3160 60
5379 4257
2330 2769
3829 81
3066 5511
5742 4248
117 1956
1550 1972
2785 3026
4251 4023
5716 5921
2458 5748
1259 547
1267 559
526 1402
4884 5004
5888 4486
3141 983
1304 5175
1057 186
191 3779
141 3802
1055 3219
864 3858
179 4043
289 3842
1499 4163
733 3668
2468 5048
4576 1707
2824 3039
23 4896
2663 5656
1121 5065
3573 5891
5032 5261
2487 5356
499 4302
904 802
5233 279
1591 2160
3634 1274
3750 1200
3956 1621
2309 2979
2794 1101
2543 4543
2248 1372
2103 802
3641 45
2620 5895
3274 5703
211 2622
3403 3314
4488 5804
1082 4146
564 4897
3120 5155
937 2116
5077 5554
5611 3002
919 5895
3866 1329
1833 4409
3747 1345
5965 2486
420 5875
1782 4233
3786 2988
2411 3416
471 2310
5288 4055
390 1344
2292 1883
288 609
1621 2835
1963 3052
2175 2040
1010 3646
4652 944
3151 2947
1696 1099
4322 5080
1203 1473
3349 1039
103 1313
3463 317
5768 5963
3981 56
5501 1367
2725 1485
5396 4187
1482 1725
5245 4694
