1
1000 1147
421 494
971 528
261 590
237 713
371 691
408 292
750 761
718 272
646 441
663 887
453 39
696 849
1 887
970 378
340 818
770 984
916 244
408 966
669 212
313 669
367 251
669 334
4 967
179 589
707 521
109 64
904 869
169 592
589 0
559 49
869 148
47 637
118 977
423 364
451 350
467 342
193 125
840 934
209 567
774 785
657 303
810 47
659 685
699 327
758 482
278 922
466 882
921 387
597 357
615 294
519 893
82 125
556 322
839 709
236 330
526 59
796 451
475 151
587 351
10 414
171 912
391 774
60 149
437 623
213 735
905 533
233 933
818 62
888 27
311 342
835 162
245 20
461 471
436 346
607 845
52 32
428 641
460 448
428 496
423 899
393 916
697 2
203 315
831 115
790 880
334 604
465 132
174 846
455 390
230 145
940 752
315 102
155 930
169 390
136 953
184 446
324 320
992 199
592 711
169 400
575 476
176 694
828 495
967 888
107 212
438 983
576 556
513 865
834 34
389 673
67 578
942 494
253 723
240 251
207 126
487 590
717 987
742 480
874 614
221 454
801 154
833 170
784 976
593 261
320 121
889 998
745 814
256 323
217 766
590 235
175 929
109 960
816 623
63 661
194 797
807 194
431 528
8 153
609 801
47 518
151 973
521 258
16 569
532 827
372 682
705 750
268 482
673 480
403 516
178 250
954 395
628 364
575 123
120 735
981 338
257 320
483 305
993 48
872 262
162 227
753 839
495 712
370 880
43 395
421 332
697 501
952 776
828 842
150 228
24 163
321 454
826 453
514 345
367 928
655 592
349 953
228 470
739 703
721 678
137 356
916 641
198 629
696 865
635 658
941 633
71 433
634 640
294 23
875 795
297 512
208 410
282 893
323 576
275 23
422 538
526 974
884 491
177 547
587 862
312 908
63 250
869 624
777 582
383 893
262 283
817 103
917 53
780 495
236 31
739 601
285 750
892 213
208 490
496 378
703 29
655 536
136 430
807 101
674 441
650 379
325 909
94 298
512 5
970 711
458 718
982 960
175 600
613 769
374 178
141 80
544 849
452 436
873 564
695 85
979 362
963 354
335 248
400 797
440 546
211 579
309 688
818 409
487 652
147 43
10 372
628 576
581 109
813 208
652 623
507 3
207 153
757 920
665 78
68 783
673 591
146 188
902 310
207 511
491 365
20 685
923 494
251 94
740 64
860 156
996 444
633 836
585 860
864 503
281 897
695 598
896 143
327 986
482 925
938 272
604 425
561 141
991 535
986 35
986 13
365 581
214 579
575 590
457 949
302 177
685 178
883 93
956 264
476 56
25 780
510 128
898 832
431 129
912 57
859 705
473 896
170 20
1 619
188 861
765 422
719 447
964 300
903 570
103 389
787 63
304 889
493 548
228 218
418 121
258 41
399 651
275 709
250 95
879 938
919 982
805 141
548 363
686 302
102 677
190 458
886 699
28 220
297 616
147 127
989 472
510 670
980 907
295 449
781 212
982 662
660 773
859 393
615 514
219 860
812 959
660 867
814 958
876 927
147 380
14 871
108 17
833 635
527 333
789 448
407 129
714 784
830 745
914 703
669 5
550 74
296 461
230 298
632 796
816 952
340 907
968 709
826 351
318 93
191 399
530 733
321 265
203 460
7 171
304 587
190 652
731 967
911 877
183 753
493 931
803 708
742 820
980 941
789 947
302 152
340 994
891 160
326 677
277 271
935 86
962 593
843 803
559 97
989 152
518 902
99 107
577 378
63 224
381 65
241 135
168 602
400 710
947 510
719 320
544 38
781 742
509 604
823 825
314 812
168 612
823 414
341 5
969 331
219 928
507 333
451 21
241 10
41 576
224 776
475 416
219 288
855 860
590 519
77 211
497 13
849 403
457 223
128 550
725 8
483 403
77 223
67 345
889 196
7 379
399 447
23 371
21 273
253 357
57 263
203 382
656 866
657 530
237 812
392 648
142 619
257 129
547 535
586 505
900 286
524 474
143 870
790 380
206 144
990 704
376 915
765 122
429 466
61 855
476 725
84 529
330 670
838 306
486 98
723 725
587 412
153 340
593 48
947 538
74 444
160 457
542 109
780 228
654 510
680 493
401 298
175 373
309 440
39 305
171 486
319 300
163 482
170 240
203 682
831 972
312 473
868 798
739 496
299 264
190 208
717 586
181 886
368 442
447 464
856 829
393 724
355 673
205 334
799 167
513 40
444 196
895 546
425 841
208 283
223 852
648 873
274 676
757 376
316 915
106 824
889 933
526 12
946 981
954 405
930 409
34 344
668 7
649 992
81 652
421 630
30 117
270 273
517 389
110 645
574 493
927 723
890 500
475 921
617 728
498 785
396 814
79 865
677 532
383 629
915 356
15 735
876 593
683 514
237 544
125 616
83 238
204 660
960 786
732 443
655 952
934 620
638 640
916 629
477 378
402 631
439 72
355 34
302 387
723 800
184 67
638 503
160 152
285 636
295 345
69 2
596 865
658 517
479 219
23 63
778 986
738 814
699 253
457 324
887 27
310 564
20 677
99 181
706 929
964 943
942 68
160 451
924 93
433 201
845 439
610 582
72 382
459 319
96 772
782 691
358 341
936 50
147 158
101 229
347 601
371 589
440 22
592 182
608 174
80 915
670 458
104 177
508 604
203 779
595 583
995 671
543 609
202 357
144 486
193 732
561 932
715 985
89 407
38 622
265 721
166 276
627 439
232 746
129 463
0 506
52 998
336 15
110 144
970 322
795 570
278 546
422 634
994 856
101 76
298 140
179 382
150 223
330 872
959 125
589 132
410 233
262 596
272 891
437 274
7 459
499 305
505 822
148 490
75 477
785 60
702 924
651 740
453 358
238 394
36 299
356 862
194 466
839 638
294 415
67 571
303 169
611 271
363 394
480 922
696 566
854 705
938 535
945 912
230 109
980 500
590 624
584 627
605 2
935 263
425 0
104 467
220 393
507 520
173 675
617 961
655 214
658 511
490 67
73 965
623 753
519 709
68 312
840 190
686 608
60 809
44 675
212 242
900 346
34 539
146 65
753 842
5 560
709 17
839 208
286 525
756 423
353 951
502 995
470 65
520 430
217 696
284 585
880 895
790 844
581 966
988 763
632 553
883 299
249 238
682 244
552 378
479 886
952 179
429 829
357 857
16 200
935 825
31 834
947 233
401 504
415 511
140 211
28 613
17 338
617 110
381 910
364 179
157 609
382 225
145 704
838 551
786 525
808 244
741 507
580 749
89 392
245 478
210 475
614 129
977 564
610 817
30 527
423 589
697 962
954 77
906 85
39 713
432 104
152 933
252 904
564 748
143 672
290 44
683 342
22 549
199 579
159 790
85 232
343 105
973 292
529 983
39 716
333 302
768 563
719 706
716 29
835 90
143 385
999 528
451 97
616 664
472 832
721 233
91 688
256 877
236 923
673 55
831 248
43 370
374 10
733 128
965 12
797 409
415 763
855 927
412 196
843 128
155 360
259 856
238 763
186 721
429 427
875 200
715 706
644 318
945 50
341 320
266 774
415 407
761 36
421 744
519 825
645 730
122 339
49 817
822 356
606 464
202 329
436 221
487 47
570 538
760 971
331 66
146 859
877 785
205 705
590 545
689 387
813 333
493 976
656 436
590 322
287 512
151 348
574 605
24 372
848 208
683 88
464 976
66 793
100 907
331 458
502 494
901 645
447 855
438 744
464 826
260 999
239 926
618 367
762 295
531 760
470 600
768 819
81 160
246 627
2 15
395 207
1 10
48 513
826 900
410 312
419 643
694 459
983 942
133 973
817 390
396 321
633 365
940 938
17 517
193 872
569 544
508 535
336 577
399 690
161 269
347 496
279 470
480 521
319 81
967 906
538 306
432 378
265 507
672 762
899 908
459 680
362 267
11 154
968 814
264 590
876 755
826 902
416 715
349 124
683 623
785 690
526 257
653 886
14 907
518 386
433 627
141 749
631 376
528 870
64 590
915 370
539 329
716 912
607 828
598 250
526 821
33 167
879 694
779 644
646 158
234 220
578 834
942 12
290 984
85 308
31 273
926 105
263 851
998 127
85 378
794 947
565 899
716 5
749 221
748 126
99 950
324 511
799 771
710 257
307 361
420 367
692 593
588 557
147 169
505 847
843 353
171 627
609 684
13 282
282 798
467 890
870 727
679 833
61 917
558 118
428 439
358 53
722 243
533 823
491 712
733 314
489 69
475 92
25 308
903 251
46 739
179 590
902 188
636 65
509 855
587 363
960 239
539 618
171 258
850 965
565 991
256 157
244 103
50 421
20 417
696 247
182 496
513 141
630 757
721 203
431 421
304 773
72 652
494 572
244 498
841 411
618 596
369 806
175 969
956 510
198 67
835 658
821 363
21 110
798 718
419 656
524 934
953 425
49 109
507 88
135 230
121 301
413 479
627 649
498 896
899 143
420 386
319 997
144 21
890 123
801 608
820 203
54 816
691 635
576 856
156 969
329 504
274 529
838 827
225 786
976 164
581 544
760 420
905 961
117 597
195 526
862 975
902 486
859 994
317 721
93 386
629 369
884 972
88 164
333 175
193 105
417 203
46 568
488 175
140 29
679 167
519 247
599 701
934 1
631 791
423 767
973 53
47 599
14 503
823 781
488 863
432 587
850 378
72 247
250 356
132 838
239 285
511 394
502 343
627 438
834 869
673 457
735 266
633 296
657 750
34 933
547 395
598 519
542 547
911 198
695 90
297 405
15 607
408 288
528 597
951 876
541 498
975 407
171 499
412 799
983 242
412 906
104 880
284 72
572 472
301 747
235 520
543 548
383 110
118 877
148 642
635 858
439 974
826 322
872 363
843 599
851 649
278 48
419 248
470 779
42 682
553 547
517 305
39 31
951 331
723 505
901 600
494 168
207 953
937 515
750 307
671 984
589 77
857 194
841 225
906 802
792 524
218 624
936 713
84 940
315 326
397 232
913 729
154 830
395 258
36 992
795 648
728 795
680 922
573 654
557 954
163 13
46 5
221 138
171 597
557 790
304 274
933 252
615 437
612 44
575 427
790 127
634 134
510 227
988 482
28 361
251 87
73 215
48 320
218 713
387 593
106 976
644 554
105 139
9 976
84 384
223 322
544 235
266 462
759 307
97 358
458 756
438 979
885 31
887 703
325 24
720 767
440 528
870 384
173 438
569 458
795 710
658 479
413 456
