1
3000 3382
2028 1905
1769 2016
532 2349
646 1913
1393 2722
100 1741
1427 1196
2307 1035
2864 1216
1471 421
2289 1780
1527 475
1301 1900
404 2329
2899 2516
548 1917
1572 1790
913 1253
1054 1597
2032 2602
1807 2223
1206 1562
2612 347
2837 1130
203 409
897 1319
1917 1071
2577 1901
2310 978
1175 857
2020 1013
1468 1368
674 2677
698 1929
1455 722
192 1759
1626 1913
1863 2569
2978 633
2851 1705
1301 430
2790 603
1005 707
256 2232
2554 1740
277 426
177 1706
1353 1913
1185 1280
1550 1649
1274 1151
2983 2519
252 2852
1730 2578
1631 1427
1237 50
486 2152
2170 905
219 505
2132 1254
292 776
2084 1418
1943 2843
212 695
2154 898
2850 1667
916 728
1958 2961
943 2486
2232 817
2751 74
2701 1244
1717 2007
1668 2722
1580 492
1689 1803
1445 1808
1 2370
1538 287
1845 2541
2532 701
2542 330
2088 2234
2154 1839
657 953
543 2421
2634 704
1346 1359
848 1982
264 1570
2629 618
2157 584
1889 1347
2952 2209
694 1829
24 1910
2379 2269
246 1879
2587 2383
2593 2629
2072 1345
1708 2776
2472 1653
416 1963
965 1661
161 2143
1195 1272
2989 845
51 1266
2045 1182
2526 478
238 832
1412 2047
13 2265
475 2038
1237 88
1143 983
2479 1052
1064 2181
2472 2299
2997 818
180 1621
2323 785
2425 631
1229 2274
238 1700
1941 1150
476 539
5 91
111 118
665 981
1954 1765
2740 2505
1046 2558
1777 369
2106 1211
247 701
1594 521
1920 2591
2055 339
215 706
410 2780
1106 2803
110 1437
2942 2150
1767 822
196 1272
2437 513
767 2370
2423 2492
1333 1658
1309 2344
2142 1432
152 2102
1891 2591
1547 756
257 2622
1313 691
574 42
2658 1869
2807 2968
785 1403
2137 2193
2804 2045
1726 1075
99 1492
1101 2023
2436 2931
804 1621
2995 1526
1222 2632
1124 801
1912 1685
2500 2418
1855 1403
872 1545
1671 1351
2213 1704
2051 1980
1230 1911
847 1984
2009 1419
565 1934
795 493
1336 2085
1033 1105
2527 261
2768 303
1346 2936
722 663
2104 1000
1370 1781
1601 2921
1272 1588
2752 740
2899 635
434 1015
2474 6
2219 1769
2164 2110
2651 2152
1384 482
731 168
1965 1736
2125 1262
1658 898
2843 830
2417 2907
2898 1866
346 590
2692 2627
2283 1732
744 1279
704 747
2685 414
2584 2972
1379 2303
2108 929
170 1605
1621 1230
1147 2971
237 1290
780 517
1343 121
1626 1526
2588 2448
1943 2574
973 2083
2639 1367
1597 1202
1012 1466
1564 1465
1566 2749
1638 2689
38 10
272 1923
437 2281
636 2488
1124 1720
1239 2735
88 1955
235 589
2519 2903
2177 1861
208 2988
1619 2831
2513 2136
677 498
1832 2308
2993 2182
897 309
2566 951
1654 1398
2526 1021
901 829
261 917
1419 130
754 1483
605 331
1572 1977
1084 377
1656 91
1417 1747
397 1233
290 1253
2878 2614
2400 464
731 643
1570 20
191 929
255 2573
551 92
1193 577
677 559
801 749
2099 874
2772 530
2545 2269
989 1440
1671 226
1345 521
96 227
1770 269
1092 2004
2381 2780
522 1422
2411 2578
2741 490
1767 356
2248 231
898 1228
320 83
276 94
2939 2293
2305 728
1214 1062
2615 2562
1711 642
2869 2223
11 1398
357 1855
2134 1080
2523 2822
366 2247
413 34
2589 411
1033 1057
1789 480
587 2383
123 5
2216 2271
719 1445
715 789
801 2628
350 811
2238 1268
2992 2381
2594 1698
2104 1663
1489 1264
1641 1324
2779 2713
2662 2281
1476 2300
1882 2483
2299 1964
1623 2224
1643 2222
2266 2449
955 1775
118 338
0 702
1472 667
125 2744
1851 154
567 540
902 549
1119 904
681 2058
2408 1995
2397 1173
2873 954
2064 1860
136 2426
2026 1521
1290 1305
11 2982
966 2564
1519 1304
2508 2068
1179 2186
1893 1960
1818 1173
1912 1381
1153 751
2387 1106
767 424
136 2732
2432 2283
569 807
724 2718
2198 1000
1678 2372
2014 1956
1828 1097
676 1268
1526 84
966 2042
59 182
380 1930
2038 2715
2350 1397
455 2866
2393 1206
169 2443
101 2404
2145 299
1896 2550
1056 2130
2209 1026
577 1318
1805 2759
2535 376
1272 1340
1875 2585
456 1564
1565 2860
1340 2009
1624 1582
470 1591
1952 1801
1253 2125
2188 2943
1488 2122
2145 1791
2554 2114
1833 587
2263 2405
2896 1083
247 2416
446 2051
624 1632
1766 1910
1007 2558
2676 2063
152 161
2576 1509
2736 960
345 386
1513 281
2264 2481
2317 1684
837 2082
598 69
1961 1215
346 1355
1719 2576
740 176
2973 1604
1134 848
2355 1546
144 1522
2454 675
2534 679
1344 341
2696 49
816 69
937 2584
1619 1334
1568 2793
421 2170
1579 1100
933 642
2366 2527
2489 1932
1569 357
514 584
2112 2885
1217 10
676 2885
1294 16
63 707
893 2114
2151 2366
541 1939
1767 2488
602 2719
2059 702
1936 1543
2713 400
2226 1020
2417 80
2692 2442
1512 1591
302 1022
2638 1260
2127 394
872 596
2238 222
2274 856
2817 601
1374 2544
1989 2924
2294 1015
2557 1656
196 125
1741 2987
1857 1233
1086 1346
670 14
1790 2860
16 2255
1766 498
792 529
941 727
733 548
59 1876
2344 270
18 1427
2589 2346
2986 1323
2887 685
2432 2600
884 1734
1826 1383
173 1151
2574 2846
2669 97
2319 464
855 434
2400 644
2668 1955
830 1066
2353 2876
1988 1553
2840 127
1861 1814
1831 2107
1069 713
2509 2141
2095 2932
394 1486
1367 646
1645 272
655 1268
2716 2113
2058 201
1856 504
1204 751
1836 1490
1741 74
397 167
1995 1391
49 2160
750 2515
1042 1285
1966 106
47 788
458 2670
56 2524
2563 2738
633 312
1900 1273
587 2045
703 1584
2046 2211
1501 2303
2120 1030
630 1901
1693 2991
499 154
347 390
399 1388
2340 1787
591 1233
580 692
768 981
1931 1819
2403 111
2619 451
950 1769
158 765
1951 765
1936 2738
399 1126
2248 1758
1968 354
1078 161
2706 158
1702 244
2071 2560
1547 2978
906 1182
30 1364
1666 2694
182 2460
477 1302
2877 102
2981 135
2854 129
1385 2122
1391 2121
2299 1468
1468 627
668 2489
2075 79
663 1289
1651 1272
489 1845
2424 842
1200 144
2417 2347
624 1901
1977 1244
1575 1043
2828 1398
519 1524
1123 1734
2562 551
1773 2221
2761 671
2366 2198
1435 212
1729 232
2718 1742
2793 726
1524 208
2573 2335
2595 2839
263 1661
911 1849
2746 189
1939 1490
1506 509
499 2329
1662 1410
1744 1679
2294 2176
888 2243
2060 2521
2470 2316
750 2488
1444 1362
1407 2126
786 139
2630 2618
695 2035
2232 2326
1624 1237
1938 1072
969 464
2026 2513
227 2093
2649 2627
474 231
474 132
2783 108
1937 1378
623 2921
266 292
2865 931
2296 1345
1395 1774
524 2063
2093 120
591 1353
2962 1466
894 2380
1456 2603
2057 2441
1771 1837
1228 473
1941 2963
2826 1421
1032 524
728 2129
388 2559
1172 2691
2358 2693
207 1097
1196 290
2167 2392
1230 1928
1341 93
2499 1570
1228 1336
1870 1273
1747 1627
984 2081
1502 869
62 405
2043 1497
2211 629
2619 914
919 241
838 2697
628 2308
739 575
865 1797
287 1594
1851 633
897 1556
1055 1103
1649 1400
1400 2151
2804 1244
1362 783
862 1854
1949 2035
2880 1384
1424 653
2284 1075
1587 1990
1407 1632
975 1837
1223 1193
220 1179
582 1494
2513 1863
2940 2081
2202 2514
229 2337
527 281
2713 1362
2341 1164
853 2904
2115 1230
2672 178
2098 403
1714 197
327 2197
2185 700
1823 1399
2779 315
1671 2301
2218 881
774 1703
817 785
2829 1807
2377 973
7 2670
2979 1257
2749 2588
1507 1164
211 1556
510 1785
666 2582
2011 646
142 519
2553 1246
648 1529
1692 2035
2993 397
2903 2081
998 1087
920 1024
2001 1461
2147 2979
2457 1439
1968 2203
1458 2458
1246 97
2651 1169
2359 84
2934 2820
227 1214
1716 2608
1182 2853
570 2642
2251 749
1836 2229
2446 352
1903 1313
2673 451
1347 1626
516 2196
838 2101
260 2324
376 784
2055 1215
923 369
174 2811
2983 2709
835 2211
2486 179
236 2676
2129 2740
2841 1899
166 1862
1428 1503
2459 76
497 1272
2814 1371
949 1380
1647 720
904 2579
909 549
2038 953
199 2642
245 2635
2174 424
1810 1566
1198 1984
2364 1353
2573 887
1111 1114
2061 906
2938 2458
2539 410
1209 1843
2466 100
2165 2718
2700 1427
2314 2343
2505 2856
2378 448
828 2345
1919 1955
457 629
2865 2543
1368 454
1 1288
2636 1458
558 387
2419 407
195 1359
15 821
1968 826
1320 630
1336 638
1391 2028
2950 688
2586 638
56 2254
1564 1216
1804 1096
2462 2359
1968 2496
1117 518
898 312
2538 1036
638 375
1464 1107
1628 1226
1346 1349
2555 2179
2063 2169
2075 411
1870 210
741 2797
1621 2229
571 321
2947 2202
1703 2313
1105 781
749 83
2303 1370
2 1969
375 942
771 1028
1443 1876
1041 1933
1319 1815
1841 1564
2234 1207
172 2078
767 183
2518 648
800 2035
2101 41
22 1466
876 1053
1212 2037
2120 2756
1134 170
1764 1197
706 1726
2625 1636
1085 346
2240 2313
936 1504
1844 1966
1369 2720
1976 593
1180 2595
1711 133
1996 850
1765 1596
2835 199
1164 145
93 2442
265 2336
89 2357
2918 2636
2619 786
1740 992
1751 316
1787 298
1326 1125
1790 1195
180 1934
1747 2711
130 1317
502 1439
2126 1036
147 2643
2529 1679
2084 776
576 2897
2323 2284
2083 49
1987 1808
1189 785
445 2726
2769 73
2647 2941
2309 2772
576 1644
882 1781
2521 525
2220 2359
1262 1627
584 1288
178 1191
2081 2813
1241 2004
1525 1394
2963 577
780 2101
1359 1983
2875 133
2117 2671
1963 968
1351 702
2432 711
2812 889
2862 2854
2501 35
2130 2712
248 1858
1943 2067
1397 2402
923 2628
408 1675
1147 1533
1289 1348
2391 2238
2069 1770
1390 186
1508 255
1682 1323
172 1588
2014 2677
271 1144
358 214
1388 723
932 723
2730 1620
1491 1394
1147 1984
1407 2949
36 1507
1619 1359
246 439
717 831
187 516
2115 1656
1307 1991
2027 1953
86 2041
1416 64
454 615
477 514
2507 2244
609 1649
324 517
546 582
759 1674
460 518
2332 1646
1920 2896
1205 181
330 852
1740 151
1406 173
982 2732
1344 1910
1548 2286
1792 2152
168 743
1348 17
716 981
1732 2586
2072 1103
1555 1248
1707 1212
542 2715
1648 359
2558 1696
1635 1215
230 1310
517 1810
252 1677
547 2774
47 1612
1336 861
156 1555
687 1306
2953 393
2705 261
2016 48
2376 1892
1873 723
58 2934
2945 784
1353 1140
758 1726
1392 1405
2995 1644
629 2624
1898 574
2114 1450
1327 559
744 1215
1540 1914
913 1968
292 2945
2457 2708
1315 2498
575 2636
521 1802
2614 1453
1705 479
2041 140
2238 2367
357 2167
2786 346
2162 2957
337 1388
2087 1148
90 2674
2435 2616
1753 2124
1091 2305
662 122
1870 662
234 1527
2348 276
790 208
254 292
2421 335
2209 421
2280 2606
1597 2721
2815 2594
154 2702
1505 1240
277 1698
624 1829
2322 660
858 101
611 1719
2630 1060
1944 2685
138 1305
2254 315
1211 216
1696 2016
2745 1705
1891 68
2138 2504
477 758
842 2882
2651 736
591 1770
559 1754
2453 978
267 1949
1160 2702
2321 167
56 1129
579 2862
1028 546
2002 2334
2229 1373
570 810
2285 1290
386 2989
1043 14
2991 2174
271 1267
2485 2737
1651 2482
1384 552
2786 1517
2292 1254
2913 1551
2926 2851
1174 1812
1058 1870
1379 1841
863 283
1646 1656
498 1462
1339 2932
2650 1311
2185 2057
2590 700
2562 690
2474 1159
1499 1537
849 1379
2184 1141
2057 520
428 2673
2593 2729
1185 2495
509 2833
1497 86
2081 1706
1301 48
323 539
854 1087
2048 2325
987 712
1228 2742
2212 2679
1415 1782
499 1228
2801 2493
1033 404
2276 2812
1337 546
2797 2372
2070 440
795 149
2568 2428
2259 948
2397 883
1665 2186
895 810
1943 350
846 1469
2259 2656
2619 457
1437 1562
505 1064
1944 1859
1112 1699
2052 856
2186 799
2132 880
2096 18
2777 2197
234 1151
2750 636
2472 880
2680 664
2494 1253
1640 782
771 2984
2644 165
465 1922
2416 211
691 793
2110 924
871 859
1277 150
1164 1657
2581 890
1693 2433
729 509
1908 1195
82 1848
996 1381
1118 1720
2554 2954
140 1540
2523 1276
1107 568
121 440
2637 773
2704 2640
1891 2034
251 21
114 2657
1721 2126
142 356
1557 1719
2491 2143
2611 1729
65 1016
87 2310
1681 0
1217 296
2560 739
960 1539
478 1555
1624 795
2737 393
1851 1323
1861 1300
815 1825
2398 1655
2830 2442
945 2531
455 2180
81 2127
331 576
1124 2613
1708 1396
137 451
795 10
2621 1177
170 112
1528 2166
2495 714
59 952
259 804
2205 2196
1771 175
1280 2128
2448 1363
2226 2940
191 266
1239 2273
1644 30
952 756
1167 1318
1305 1517
2583 2493
296 595
1680 399
2778 714
208 905
2286 1942
159 505
1039 1036
2999 976
437 1745
1896 2571
1983 1767
1475 1353
2093 2160
1678 1163
1021 719
2881 1681
1849 967
1099 638
1967 908
2042 379
1342 25
960 91
456 2580
1790 2447
161 449
2391 583
1642 2226
1544 2579
963 2848
1405 818
347 1375
1169 1845
290 114
2118 1974
1340 1062
1510 1099
1378 1033
97 1018
332 2243
2651 1399
305 194
2042 2487
2063 168
2540 2665
698 1112
365 220
1455 1693
2442 2815
1073 397
1988 2551
1989 1688
2902 2753
2236 2868
2797 12
2168 964
2386 849
208 1936
950 651
1206 101
2226 1639
2512 1750
1245 1977
2510 2848
2461 1528
2401 1414
876 1127
2382 1243
1192 552
1141 2129
1640 1679
1078 1952
253 753
1296 2711
1714 147
1611 2881
2882 2348
1169 1466
1261 1873
1459 2046
1155 2109
2194 1220
1024 1845
791 641
1104 1108
436 2695
1023 2995
2462 381
2630 1931
1296 1528
2220 1801
1524 421
2106 1858
1688 19
1593 1905
2401 221
1001 778
70 1978
828 1543
2305 2085
1806 305
565 401
695 464
1102 2388
1305 783
1140 2675
366 840
2570 194
2665 1048
1161 1687
434 1472
2914 1016
158 1542
2757 2650
1193 1111
1299 1162
832 1457
2231 1472
2543 1388
508 1736
328 1123
2746 410
1857 1690
264 2385
142 2450
1692 350
114 553
553 2795
1854 482
1570 2569
471 1174
2041 1921
479 1538
2037 1303
516 2102
983 1394
1763 2024
820 1677
471 1286
1771 1688
841 1097
2712 1055
664 31
2000 699
1778 1745
1447 2806
518 209
723 126
1884 2217
956 867
1404 3
106 648
807 1732
152 1218
1412 1612
1065 1418
41 1930
1857 1086
1337 1282
2291 852
309 2254
31 2891
2484 1194
610 321
2936 1484
2292 2325
1115 449
2271 1923
2353 1908
1268 328
2429 2463
2698 2307
2542 2022
2448 2009
1473 1355
2184 362
1637 2810
1045 1078
2493 1361
703 208
1995 711
830 2701
230 2913
1034 2327
566 1125
856 2983
2961 1491
66 2602
2155 325
1542 1717
914 2754
433 451
1633 1470
619 1979
1950 2278
2505 2042
2072 2306
1210 1881
1087 1329
2209 894
2520 1349
2064 2223
1061 165
1185 1376
1595 1069
1200 377
316 959
2990 1782
1805 2302
2250 699
444 1536
16 1750
313 266
1164 2496
1207 1200
1360 1433
211 2978
2093 1664
2095 355
220 2792
1606 626
2481 307
747 2350
2171 1899
2276 899
1919 1071
1242 2073
2746 2708
2807 162
1947 57
99 965
387 821
1849 1401
1897 1361
384 2395
1328 766
1951 1743
1123 1841
2000 26
687 608
2802 2142
2033 876
1551 2766
988 1217
618 1050
354 1867
581 637
1070 2701
1106 728
2214 1186
1291 2368
2585 2620
2023 1544
2639 220
1495 1808
123 1723
1402 1556
2426 20
663 325
1130 2763
2682 1197
1372 830
1248 992
1591 1952
841 1311
2332 1199
2268 1103
2443 2866
438 21
316 80
2432 1167
2274 1086
769 1047
1684 2424
1366 2201
812 1355
2866 324
2483 2581
2041 2320
1456 549
877 2401
1472 967
2071 693
2767 1806
1424 545
347 2677
2694 2608
640 1918
101 401
1655 892
2052 224
1670 1953
2970 222
556 1029
1137 2085
296 186
1676 1175
2564 2084
1293 432
719 1474
611 1428
37 844
2999 1669
2547 2123
2467 2147
2896 1899
161 502
1979 635
2497 1350
174 1950
1637 1708
362 433
10 257
1778 637
976 1400
2794 485
461 2803
1781 2415
2013 2555
1411 1818
2568 1660
2809 2075
787 2966
1966 1618
2044 1659
2896 605
815 2586
1646 681
679 1899
1245 2803
694 1368
1225 845
260 2971
1437 650
1755 809
956 312
1165 2195
1981 638
1555 681
1012 2378
708 569
2237 2324
2444 2755
1953 1989
1025 1557
14 727
2155 2186
160 877
842 664
1170 372
1773 2775
2240 359
2158 304
2672 591
1757 233
2858 2207
2512 101
1934 1866
102 11
240 1986
1230 1501
1623 2767
133 1003
857 1475
1095 1612
2635 1654
1005 677
1937 155
912 2616
2158 940
1503 2524
1084 858
2426 1705
684 834
1820 2247
1285 1511
632 1015
1576 479
367 935
2661 1570
571 525
325 31
2178 2982
1177 2304
2920 649
2932 647
1884 2989
2863 1791
411 933
555 2946
2354 1073
1552 2650
816 389
1368 689
713 950
2801 2431
2242 2645
2779 1289
2935 1503
889 472
2923 268
602 247
334 381
237 361
744 2683
1130 1050
2378 650
2814 1445
1779 2480
2491 592
1169 2985
2673 180
98 195
824 366
2882 2087
762 1324
149 1868
1385 2188
2222 2692
1970 96
1168 2358
471 357
473 354
2781 1248
130 617
580 778
2215 2116
2759 2420
922 142
2742 1048
2280 2315
2077 1921
837 1643
1001 1597
299 1884
2230 531
804 2010
1300 2324
1924 2140
1543 2672
1109 532
2121 1803
1778 1314
897 1120
1433 1900
1243 1997
2980 2626
2746 2068
973 1282
2011 1801
2575 2846
1312 730
2948 1416
2609 344
1801 1988
1400 2663
1215 1832
1880 225
1711 1804
2915 1073
1079 390
549 655
743 750
1158 1758
2660 431
1191 593
2276 2357
395 1166
20 2284
1935 2263
1442 1191
1608 1362
908 2573
2133 1521
1028 1596
2892 408
2299 533
680 154
2556 1328
1350 2608
1450 1400
2844 2188
963 755
2149 1824
1289 1798
410 1499
2669 1357
1919 964
1598 548
325 2952
1026 2532
322 2884
2491 1320
2709 1215
960 1904
2134 699
65 1093
2208 1643
802 2111
148 2532
1415 1344
2593 1678
639 1740
830 1374
2804 443
345 2551
558 379
152 2541
2529 270
43 1515
2987 1148
2305 1321
1157 2204
890 2705
1631 1081
1277 2893
156 357
232 351
2358 1456
2013 2292
1193 1304
1334 854
1103 2459
2247 1764
1028 1312
1480 1062
2669 1809
98 2765
2876 1113
1280 2885
1820 2635
2858 1285
228 2771
1129 1074
784 1988
1730 973
77 2749
1323 1235
440 2186
2845 1589
492 2680
796 2816
2700 2232
919 1477
2971 2190
164 667
2619 2469
1931 70
899 2466
2390 2037
350 1304
2342 200
1392 871
224 431
2978 1038
1904 2220
2915 2591
1 2372
2335 2655
2935 32
2408 1864
447 130
730 2797
284 2830
2457 1372
2156 2093
911 1607
1399 2504
696 216
1123 1071
1643 2313
1792 973
737 2641
1074 1182
2645 998
2999 1949
1374 803
1115 2390
188 2200
2317 1510
2487 1467
2627 1310
1597 801
1614 1689
2342 301
1287 395
2371 2204
2479 2282
2831 623
994 703
1614 2157
773 503
1154 225
1212 2002
985 285
273 2106
2514 2724
2489 129
402 2097
2321 2330
1369 847
2551 1304
485 273
11 486
528 1286
2085 654
2791 22
1670 2371
1402 2868
572 449
1511 2917
133 2516
2837 2913
2978 301
2348 1921
792 667
333 2355
2666 1086
504 503
2019 2315
144 323
2191 1065
552 2890
183 53
2018 2479
2957 2878
1045 2322
697 2628
2284 1375
2914 1176
2325 1006
1920 2639
962 2158
2249 144
2657 452
1337 181
2203 1636
2429 2561
1900 1894
108 1254
142 2402
470 2019
1649 341
1265 21
839 974
1393 213
532 1461
104 1163
2069 1085
1403 650
1968 317
2600 2033
1637 2424
1823 1236
1987 811
2381 1132
320 2586
21 1390
998 1369
2501 2683
1816 2675
980 2069
1354 2906
454 2587
2529 1528
1 2997
1442 791
263 1763
1663 1375
1458 2082
2166 2814
1254 145
538 954
1747 1080
1721 1037
1409 635
2256 2787
2397 956
1247 1405
1951 626
777 57
1736 2249
568 614
2177 2345
29 1082
2487 909
2489 906
1976 352
2548 2348
1677 70
2467 2001
2854 2403
1038 399
2839 2300
2398 564
457 2860
661 362
6 760
2116 2871
1417 2017
928 1171
1734 2555
1223 715
498 576
870 2316
1215 1659
1275 1625
1924 1863
155 2888
942 193
1382 933
1978 1718
2652 1336
1053 2059
2232 2412
2448 2552
1199 279
961 2570
1088 961
2324 1387
1604 707
2418 376
98 1520
2430 382
2513 2904
2399 2744
1830 1979
2394 2175
2627 1129
324 2970
660 841
1365 2983
769 281
957 327
2894 2660
1987 2505
7 240
435 42
2480 806
517 609
1042 2432
779 28
1957 2449
1434 265
83 2412
917 2191
1655 469
1207 181
1128 2830
2043 1890
575 1408
1384 494
2235 2324
1941 2868
691 269
2487 1167
525 1416
2993 342
2858 2825
2404 469
134 1316
844 1081
960 1151
1870 1592
515 1112
2887 250
196 115
2594 1280
2134 948
917 2792
478 1953
1076 483
2657 2264
800 644
2189 220
2320 1160
587 2506
1505 2591
736 1317
2087 2124
1442 161
1946 1986
1424 1735
747 2524
2577 2138
441 1575
445 1573
1727 2691
1360 396
1623 1173
1371 1299
2686 2217
2763 1731
967 581
1276 2777
2440 150
370 1259
276 1240
469 1686
2724 877
1827 2149
2878 1946
2996 2015
182 1932
2937 2509
1919 797
2125 1967
602 2313
938 819
2579 2524
2149 2279
1380 2427
626 2800
383 358
533 211
984 2485
1168 1612
327 2109
1134 1726
1780 2035
1658 777
2478 1251
1474 725
1044 2915
89 222
2901 1368
678 590
876 683
1313 2479
1099 651
1747 967
216 2802
176 2758
2025 858
291 2418
149 641
1221 169
1015 816
1696 1534
2011 1669
2494 2951
2892 901
2757 481
2427 288
1153 475
1753 2060
915 1201
1678 921
1271 2230
1362 631
1697 2208
1760 1537
2592 97
2992 169
2693 657
950 1621
293 953
1036 119
2513 2184
554 2238
977 1272
1541 1554
424 1866
1534 2459
173 1353
1346 548
2887 2859
680 493
1185 1795
973 1205
633 1135
1523 2599
198 792
800 747
2832 1270
1836 1022
2679 57
187 1375
1219 791
2627 21
785 1212
2432 230
2082 1873
2958 1671
2761 2123
1367 2673
1209 2298
2880 391
2249 2721
195 1521
2751 207
1485 1910
824 2336
2066 2584
91 1036
2989 503
2132 2497
2242 687
1299 2529
1845 2244
1050 866
1671 700
2615 1252
1829 1612
1475 1855
2548 2868
210 592
506 2963
2605 1260
1195 943
427 303
2240 2733
2019 2239
1543 1162
476 513
2723 2447
1750 388
2554 1554
2998 95
2187 380
147 1392
217 2530
2999 2119
722 708
2294 233
2949 2883
1055 2035
2974 1197
1448 910
2604 1100
81 1500
1629 2289
1023 2592
2806 1163
968 20
872 1754
1024 1390
1257 167
1534 2081
1591 1013
2836 3
385 1881
1572 520
1040 786
2847 1254
1307 996
979 384
618 2924
1283 1855
1401 1794
2789 204
356 1491
2200 1344
1750 66
1506 2929
520 335
2615 1013
2652 903
514 2000
493 2973
1445 2489
814 442
942 1365
1928 726
195 2912
118 1852
2506 1367
447 2942
971 354
2603 1001
2394 1743
650 2146
1088 2394
1720 1834
1882 2011
1564 1912
67 618
409 65
1142 899
1087 2488
1765 256
1922 1228
1232 1381
1233 877
1008 2829
1978 541
490 309
1608 2962
790 2365
1729 1915
637 1317
948 599
2877 1786
815 755
1310 949
1484 988
862 2123
2787 2745
90 2404
831 854
2600 1570
1908 140
1292 432
2963 169
44 2541
1610 1317
2356 666
2738 857
1611 1632
2142 2842
1560 2962
635 1103
190 2922
951 1857
2654 975
1316 1138
2835 316
2139 152
2126 2989
2769 2103
546 716
2122 2040
1795 563
1005 68
2933 1032
2913 1026
466 1498
1344 1939
2334 2791
681 833
130 1777
327 2671
502 1737
484 1728
2748 876
1596 1560
895 2079
2721 625
959 1790
2558 1117
2961 244
496 1016
731 2066
73 2395
311 2432
1123 2858
2923 371
16 944
2936 2385
1196 1548
1191 460
2812 2289
2031 2694
221 82
2497 1356
317 306
26 2961
10 610
1981 2900
781 2316
2709 1662
1402 951
552 30
2353 2625
2582 491
1262 1687
1416 1572
2728 1060
1047 2388
1469 244
211 579
859 903
1255 694
2845 540
2448 2350
2286 2449
90 1180
1184 695
935 2072
2913 2093
2634 2757
1673 340
2207 1631
1458 1138
84 1771
2747 2374
170 2004
1760 1772
1394 1829
1235 872
2489 1467
129 1287
2248 2899
2457 1730
700 2720
1995 1158
998 726
2871 632
250 2782
393 2236
1461 2722
520 730
1863 1020
153 1139
2302 2640
1587 2576
60 1137
208 292
1812 710
492 2936
462 702
2655 1605
868 1063
1969 2551
584 2254
1716 2736
2742 477
2092 1553
1441 2646
1144 464
265 2200
2294 2041
2012 2473
2587 161
363 2792
496 2521
467 2703
2154 1090
1065 181
1981 2958
2800 988
1311 2481
1811 2032
410 1153
446 1171
2817 1014
1029 776
1651 224
1238 2591
1494 1771
501 1332
1162 2092
2053 2576
2652 269
543 2482
1752 2679
1629 554
2075 1289
1056 2276
2772 2305
691 802
2922 675
2264 1403
394 466
1994 754
634 42
12 1817
98 1838
2234 2089
2675 1981
1857 292
2918 1145
1813 2099
1384 1563
1077 526
1479 1082
2485 515
91 1780
2428 1291
1512 833
995 2645
2612 939
664 784
238 555
2784 1836
2549 1227
261 794
2554 2421
2307 1330
2171 1422
818 2618
682 827
1521 1520
309 1938
881 1712
2369 2669
1012 1316
2161 1147
1047 584
2248 2679
2271 76
2839 424
2534 2784
142 825
2288 1798
731 76
581 2932
816 1344
2680 2865
483 2435
2291 989
235 2001
2421 2785
2653 2479
318 1912
2682 730
626 1758
461 1073
2821 341
2362 2443
765 600
2837 2513
813 2049
2067 2337
2094 1838
2928 1665
2843 2213
2676 2265
259 882
1512 2682
1968 2902
515 1082
2495 2797
621 1483
912 1137
1123 815
977 1377
2127 174
2043 1908
2374 2778
1906 2610
584 2358
2941 797
311 1592
2020 2013
2604 313
2322 2397
1233 677
1266 2244
1898 845
2489 306
1645 2165
978 189
2139 2765
1772 615
1063 2323
1375 2479
280 413
2203 2707
2834 2659
1731 1691
2936 1244
2326 500
1642 1610
2859 841
309 1606
2193 2169
2002 427
525 240
2009 538
254 2969
1886 2940
553 2758
1733 2638
1599 2611
2327 1303
496 2932
2133 731
2941 1200
1702 2477
1304 1802
1723 557
2419 991
1527 186
1512 758
2186 1095
222 2157
1874 2987
1950 883
749 2222
1254 2664
2176 2779
566 592
2099 285
697 1112
1448 267
1047 2674
1339 243
1460 1491
1086 1302
2164 2397
2694 2084
2103 2679
569 1067
1216 1035
88 151
2482 1122
2182 1272
1455 2853
819 2155
355 2371
496 251
695 2511
1987 2658
2925 404
2549 216
2430 1150
997 2882
2292 1964
994 551
486 805
1794 1456
1482 502
446 1313
719 1961
1209 1170
1156 118
2569 604
2272 1293
792 1223
205 214
2255 837
1081 1472
1908 248
0 834
1017 2553
2291 107
2063 21
1703 99
2212 2418
2946 1578
657 1617
697 1605
1949 1239
1425 2271
1884 902
1104 1700
690 1493
93 1080
1954 2056
1579 1067
464 258
1893 2155
423 2535
1673 2672
1203 2925
1673 1064
156 2537
850 1160
2255 2812
2819 219
989 1204
1036 577
1052 2930
2528 2109
525 27
1417 2881
1913 2617
5 2497
1169 2955
2253 1247
1125 1037
810 48
1996 1461
121 2569
771 511
1866 2507
1732 2307
1344 2241
1079 618
874 1209
1298 492
1068 371
1587 2300
1029 678
1809 2448
2928 1425
1055 1657
2643 192
1505 1493
644 1313
1951 1698
2977 1435
79 108
1809 963
106 1289
74 1305
2104 1521
919 2583
347 2929
85 653
1091 2495
2762 1226
2693 878
1895 170
1301 403
105 988
1291 365
441 947
1569 127
2345 2696
2806 342
2224 2362
1385 454
40 2073
745 1887
853 196
2036 1523
2690 840
1710 2134
597 59
1728 1740
760 1232
1667 2242
1940 606
1198 963
1027 1071
2172 162
2914 991
1227 2413
547 415
1334 2277
2855 112
1956 2004
1642 1843
2096 30
1749 1819
65 2109
305 1410
197 899
2777 2170
49 351
1997 1542
554 125
2360 2278
115 2022
585 560
1842 2447
680 1378
47 60
2655 1284
853 1484
1904 2867
1711 167
2037 10
1926 2076
2479 915
2995 669
526 941
2432 287
397 850
2120 181
2323 2370
1095 441
451 2895
925 951
2249 1152
1972 2318
2652 219
81 1332
1675 1625
309 2810
1878 1645
1961 1132
2062 0
522 1678
1980 1109
2545 1544
1949 923
1561 2694
2915 2943
2374 2633
2552 2582
168 1668
1860 729
2148 1353
459 2959
192 1028
2383 2804
204 2527
876 2063
2476 1849
1500 257
2759 2237
2147 1879
550 472
549 2984
2329 1289
678 2848
1649 1887
1382 1786
2420 243
2344 2362
1380 2047
652 418
1721 2447
2084 1270
771 1279
1569 1646
511 1409
199 613
826 1852
1076 1211
2170 1870
2067 2411
1701 1919
2717 355
207 1098
1671 2782
1236 24
510 2904
1142 2460
2507 2695
2393 771
1476 503
215 168
2777 82
2154 878
1283 65
807 1184
465 2091
19 2250
865 715
2955 1726
843 734
2045 875
2374 403
569 2704
1101 2474
1762 748
1956 2867
1206 444
2756 1669
2737 2190
2817 2134
289 1108
447 2501
59 939
1986 2822
500 2077
2680 2928
2063 91
1003 1449
2894 554
1434 1344
1475 2405
2117 431
2487 1448
1754 2062
1086 871
1736 540
545 2679
312 582
2112 435
2218 454
2356 121
866 1362
1185 2509
466 2026
2401 497
2075 1989
2706 1607
2265 2193
872 2498
930 327
1764 2745
2761 2805
479 1715
2210 2312
2859 650
696 2790
885 65
1464 980
1295 2160
748 126
2332 1430
2286 2531
1885 2903
733 2455
1560 945
213 2758
1321 2104
2168 558
2335 1097
1774 2497
1093 2980
1818 1949
2757 2205
364 1190
230 1733
1221 2648
885 2432
1618 1879
1624 131
2312 2444
2492 1805
2828 1621
308 1621
1267 77
1831 747
582 1840
1016 1645
121 654
2979 2330
2532 1582
1604 559
2255 2747
918 465
1076 2901
2993 1318
380 1319
2614 1029
1541 2063
2389 1394
2698 1980
2150 1738
1657 1199
122 2698
1019 2784
2710 1125
1738 2310
2008 344
110 643
1245 1312
2033 2366
544 455
1968 2516
272 1587
2217 1652
371 96
279 82
158 1742
987 2456
1369 212
1286 829
483 2908
2058 2095
931 944
57 637
2328 2269
365 1792
1034 39
339 2537
2552 2343
1282 1559
1748 7
2277 2350
1746 1324
767 2335
2390 2652
373 1469
2348 2657
1517 2033
2681 853
975 2981
1178 542
1473 1549
1398 429
1076 268
160 2988
143 587
1511 1786
2764 2734
2129 683
2475 2925
1903 2108
1982 579
1931 680
2713 713
1524 462
270 1512
1230 203
492 602
1746 2877
2969 2228
1248 505
388 1142
1212 2565
679 909
2681 2351
1494 1205
760 1826
470 1717
1578 2597
2000 64
2973 2137
1010 1985
473 566
1859 2976
2814 1427
2341 2001
397 1956
1629 1928
2612 1524
2408 536
1509 227
1666 1338
2748 1784
1218 2437
596 2766
463 826
1789 163
2686 1937
2640 2228
1933 106
1480 1276
2688 2609
334 372
768 83
1290 329
1835 332
2407 609
1137 1258
2122 520
986 1984
2353 1384
1978 2109
419 1090
4 1228
1118 2060
1875 922
1226 1686
1958 1444
25 464
367 2300
178 536
1840 2730
2039 39
1697 2018
2932 1442
366 1194
2628 319
1534 448
2012 259
220 1816
2210 807
2443 2453
1276 287
689 1290
2646 1715
2205 2505
2953 1522
1083 2934
1275 610
2923 1450
1352 1566
438 721
1358 173
2529 576
1160 82
1668 98
2406 173
1822 297
2517 1672
1721 2391
1018 481
794 2332
2119 502
2287 1731
185 744
980 357
2112 1699
2123 2135
2071 1944
567 2201
1693 2764
628 261
880 391
2584 2734
1319 833
1125 430
2071 1943
1056 2365
532 750
729 680
566 346
856 493
1960 1292
2774 2374
1519 202
2425 262
2614 2737
665 2408
1749 2385
976 420
1504 700
653 2941
503 514
816 1548
58 2757
2024 599
1784 2821
1036 2687
1367 510
2785 1573
1453 872
182 809
2929 2265
1177 1299
1818 448
2121 2072
1136 117
178 1274
414 2359
2009 996
249 116
67 2721
2922 1316
2045 1749
2336 2955
445 1525
1785 1623
2229 463
2414 2866
2842 1398
511 2581
1869 531
12 2979
723 220
663 2088
2554 2133
993 840
1495 83
179 407
227 447
2567 2243
2075 2254
2242 1717
58 713
1787 1968
731 2414
372 1573
1450 1098
1574 1420
953 1292
1497 1596
1939 1315
1751 722
2357 1315
1910 2066
2729 2748
936 1069
499 423
1629 624
95 1956
1665 1227
2148 2502
1883 1961
906 1429
1142 288
2004 965
414 1111
2738 1691
1175 649
980 1207
5 2933
410 2004
1759 273
2860 789
712 752
2666 1697
205 2738
200 2142
1546 1425
1602 542
1659 2067
1638 1924
2732 1121
756 77
2332 1465
2963 24
2171 768
2497 1838
2929 1654
967 2357
145 2206
893 2415
315 2124
647 1765
469 1868
996 1902
1860 1342
368 317
1188 983
471 2975
1424 1042
689 2983
2270 2403
2539 2025
2052 59
535 2520
271 454
1069 855
760 1184
2596 1643
1970 2161
1201 810
1023 141
660 2600
388 2709
2685 1369
904 814
2445 2079
1779 1948
2078 2778
2182 1083
154 53
521 901
490 1589
1691 360
2052 2142
1825 2893
1833 634
524 744
2077 2515
1059 32
704 194
1983 2126
2035 168
2739 1544
2166 983
1929 2884
365 2102
2369 430
1442 1747
2535 2306
1495 2370
948 2782
1707 577
911 182
1312 2545
316 1682
1142 1079
2523 2838
929 1814
1372 2433
859 2950
1199 2172
2685 1321
491 1932
2437 1275
1528 2261
865 664
2142 2359
415 1547
2266 1239
2910 198
160 1337
124 1367
209 485
2141 1443
688 2219
2665 1335
138 547
2079 2138
2193 1921
961 553
1059 2756
23 443
589 150
1972 446
2886 2166
2043 24
2457 848
2572 2576
415 2740
71 2771
514 1983
866 1807
460 2228
918 2457
1400 539
2594 1462
77 2736
2823 97
1213 1043
82 2011
2481 2607
1796 1674
2171 144
1773 2587
408 2406
691 1908
1233 451
233 2620
1697 2328
1254 554
1292 2981
2645 632
245 1832
43 2683
1388 1775
300 1231
2089 459
2506 2858
2964 2565
101 1517
309 663
2500 1661
167 1374
2442 2616
2167 2332
2385 2447
2409 165
1571 1792
764 790
2804 1140
658 71
1274 97
2120 1592
1364 182
2827 2446
830 183
915 2782
646 2063
1870 80
2547 2335
2586 2875
2481 2503
2228 1898
1715 1783
169 2427
1469 472
2275 2413
292 1250
2173 1390
497 726
996 1965
927 2634
1512 866
714 243
2072 900
13 2106
2514 1716
1130 104
1591 2472
226 181
2214 174
2315 2665
575 2282
1516 752
2607 2209
1612 225
2622 2735
2543 311
1831 580
1206 2460
119 190
2689 65
2074 1923
25 1557
205 2529
1777 2815
2944 1029
445 2797
2834 1485
2623 517
2101 2876
1638 1540
135 492
1667 1395
1926 2756
2523 226
2393 549
1286 657
360 362
1286 861
1191 2462
300 2904
69 2250
624 1144
638 2986
877 275
441 1112
2430 2168
2342 2132
2188 1806
1008 1742
1574 1061
324 2752
308 41
2038 840
2986 1382
178 752
2645 2619
1581 1738
117 382
1578 2081
2262 94
2316 1681
2948 1545
1751 553
1416 800
1073 2507
1913 1851
2793 928
1468 228
1556 2841
702 655
2203 2039
585 2771
824 916
2189 2397
1051 869
766 2159
1437 2559
2498 2630
1533 2566
1165 2750
1488 150
2201 2081
2327 1164
247 124
1985 999
2548 638
1781 691
2919 1146
2537 1118
816 2818
1745 1824
1295 1743
930 822
2794 1577
586 2108
2506 2623
2451 35
2325 2978
1942 1778
569 968
391 929
2926 1140
1207 2537
2428 664
442 1075
592 827
217 2427
2760 1531
1827 2335
283 2563
1279 2027
2178 1970
2662 349
2483 2981
1211 2161
1907 2453
2984 2159
1943 0
2899 915
1167 1101
1780 687
1480 817
1510 2079
201 27
1019 386
2680 1023
2020 382
2207 1557
2241 1594
2413 1772
1480 65
1184 1482
801 757
16 2764
2798 2378
1445 159
723 1187
2918 1622
2271 200
2562 2966
2310 2580
205 595
2862 2482
2804 295
1514 2444
1204 2339
1533 887
704 832
2534 2730
1473 898
61 2542
2722 1360
1990 1427
1197 1127
1233 693
1445 677
1116 2121
1944 56
1108 478
2899 2345
1558 563
1204 866
1579 2098
