7
77 253
0 20
0 30
0 39
0 53
0 63
0 64
1 70
2 23
3 4
3 56
3 57
3 70
4 33
4 66
5 9
5 10
5 16
5 55
5 59
5 60
6 0
6 13
6 29
7 41
7 46
7 54
8 9
8 26
8 34
8 65
9 7
9 55
9 71
10 14
10 24
10 31
10 41
10 43
10 63
11 24
11 31
11 34
11 43
11 72
12 57
13 3
13 68
14 17
14 41
15 8
15 12
15 73
16 23
16 36
16 39
16 54
17 4
17 18
17 33
17 43
18 22
19 5
19 18
19 33
19 47
20 25
20 45
20 63
21 13
21 38
21 41
21 53
21 58
22 0
22 49
22 50
22 52
22 72
22 74
23 10
23 27
24 0
24 7
24 28
24 52
25 5
26 0
26 9
26 31
26 36
26 65
27 31
28 47
28 60
29 8
29 31
29 52
29 64
29 72
30 7
30 46
30 53
31 21
31 49
32 8
32 16
33 29
33 31
34 18
35 16
36 10
36 14
36 17
36 51
36 67
37 3
38 2
38 39
38 57
39 17
39 41
39 57
39 74
40 2
41 20
42 10
42 17
42 20
42 50
42 60
43 5
43 35
43 41
43 45
44 15
44 22
45 24
45 28
45 46
45 48
45 72
46 17
46 29
46 53
46 60
47 17
47 21
47 54
47 59
47 75
48 10
48 12
48 36
48 55
48 66
49 14
49 15
49 24
49 48
49 61
49 65
50 7
50 48
50 49
50 51
51 66
51 75
52 3
52 17
52 23
52 48
52 75
53 5
53 22
53 60
54 33
54 49
54 69
55 60
55 70
56 19
56 76
57 1
57 32
57 53
57 68
58 6
58 12
58 13
58 32
58 38
58 43
58 44
59 34
59 45
60 61
60 64
60 72
61 10
62 21
62 43
62 44
62 46
63 2
63 24
63 29
63 30
63 75
64 44
64 55
64 67
64 72
65 2
65 44
65 58
65 59
65 64
66 52
66 67
66 76
67 24
67 34
67 56
67 69
67 71
68 16
69 56
69 62
70 6
70 10
71 44
71 48
71 52
71 57
71 62
72 13
72 42
73 9
73 24
73 30
73 43
73 70
74 18
74 56
74 60
74 64
75 25
75 48
75 56
75 68
75 73
76 19
76 43