17
543456 656
31 17212
46 4118
46 25734
89 14284
199 8806
241 17628
251 2389
311 23374
325 19895
447 11984
522 11152
604 30654
627 4921
636 9428
639 29586
640 16578
673 30995
708 21699
722 2695
744 16890
848 2031
857 8781
866 7514
894 17429
908 17312
941 1334
970 494
1015 29177
1056 21499
1135 29350
1215 12739
1267 20151
1315 23496
1320 6088
1365 2716
1451 28382
1714 5665
1807 10372
1848 969
2039 5440
2096 25225
2199 6115
2238 2903
2250 29447
2298 20048
2309 14317
2333 28300
2365 5596
2387 11559
2410 27872
2516 20625
2574 10277
2609 20718
2723 19312
2727 1326
2781 7169
2794 20188
2957 18483
2957 23161
3005 5894
3039 11120
3232 31481
3245 959
3262 13390
3294 10709
3351 25786
3379 32266
3436 19001
3513 28354
3514 30485
3542 6213
3631 27994
3696 29871
3721 900
3728 6220
3733 7802
3802 12621
3854 6947
3917 32463
3989 26336
3996 29755
4035 3876
4036 18476
4055 12459
4126 23552
4139 20064
4207 11089
4305 16537
4311 2466
4328 23131
4391 23605
4434 31028
4553 4717
4601 2618
4630 7178
4684 28848
4690 16142
4876 13913
5033 11448
5097 6559
5111 7195
5134 23118
5139 30251
5155 11351
5246 14270
5253 29389
5315 11791
5357 22850
5368 8912
5473 24023
5497 2133
5590 7830
5595 4870
5639 21929
5658 19846
5892 2799
5932 30332
5983 28212
5997 15679
6242 20446
6322 9300
6328 28431
6416 26021
6480 12537
6552 19874
6668 23104
6715 25151
6738 24338
6778 2352
6907 23243
6951 31826
7045 2950
7083 18344
7139 16180
7157 26467
7170 8467
7211 21258
7345 10453
7397 21824
7460 5443
7529 21734
7907 1723
7929 4296
8028 17576
8036 25516
8049 15539
8049 17978
8084 14772
8113 20297
8113 30204
8149 20291
8190 13084
8311 31973
8384 22580
8408 17201
8546 20307
8590 13282
8640 10198
8642 25159
8888 13615
8962 13378
8995 24478
8998 11758
9014 30129
9130 17205
9171 7228
9174 27655
9225 10793
9386 9982
9427 32195
9462 5353
9494 25808
9570 16424
9709 25611
9820 25601
9835 3088
9883 29878
9920 26003
9958 15869
9975 17999
10104 25846
10188 26885
10191 8976
10199 16617
10209 11304
10222 15343
10368 7808
10433 3930
10489 25254
10562 10705
10584 1721
10605 25665
10609 4041
10732 3607
10733 3907
10812 12895
10914 897
11070 25545
11169 25252
11196 16494
11243 4161
11256 14226
11347 26496
11464 11379
11465 1856
11500 10740
11512 12557
11563 7660
11601 16687
11691 20973
11766 26565
11925 12310
11996 32230
12006 14596
12025 24033
12247 28687
12313 31885
12325 29437
12341 2079
12390 6890
12473 993
12517 25881
12517 26343
12566 7974
12593 2090
12614 29976
12739 23369
12768 4998
12878 26379
12934 7701
12938 27470
12992 7885
13045 5396
13058 1388
13115 32472
13124 26094
13144 10616
13151 8793
13152 21774
13173 32034
13234 13539
13276 1826
13374 10595
13384 7770
13442 16243
13496 5758
13584 15722
13627 31546
13672 15059
13688 19486
13691 13165
13731 31071
13745 9387
13860 1468
13967 19951
13984 9579
14002 7968
14022 16145
14038 2085
14080 22374
14094 27066
14180 8401
14241 2152
14262 18946
14346 1608
14357 28327
14429 20643
14570 5743
14645 2755
14672 8392
14741 1472
14764 925
14875 15565
14899 25448
14921 3336
14949 12076
14965 15556
14981 1377
15035 30119
15436 30809
15446 12497
15478 23990
15654 28224
15699 16730
15790 32338
15807 9070
15841 17624
15854 436
15857 2652
15919 3679
15989 20448
16004 30016
16014 15277
16091 7779
16165 28076
16275 21774
16361 23125
16380 10665
16469 27717
16610 27039
16662 5338
16705 22911
16734 6180
16780 1567
16786 5725
16800 2714
16877 20312
16979 26774
17019 32079
17240 1438
17243 30364
17257 26458
17285 31782
17360 4920
17422 4041
17455 10020
17488 15836
17491 16050
17511 30191
17519 8429
17519 29241
17593 1933
17605 7305
17654 28224
17740 3381
17809 23307
17817 9794
17898 23993
17902 28936
17915 5530
17978 20300
18005 16101
18042 21413
18049 22258
18063 18298
18074 9399
18122 15822
18164 1778
18267 22101
18303 26676
18379 29530
18387 12263
18524 24671
18639 15553
18670 13981
18676 24571
18720 20528
18755 7519
18778 15061
18788 21724
18896 20026
18970 2153
19008 10535
19038 8508
19081 10243
19130 15412
19153 2641
19161 12264
19168 26995
19212 2991
19222 20955
19363 21177
19482 4975
19487 8102
19510 22559
19538 18903
19616 25180
19665 24582
19840 26316
19923 10634
20067 24977
20073 9029
20082 12908
20099 14297
20106 32510
20122 29490
20224 20157
20229 2145
20289 30854
20460 7628
20492 30930
20498 1869
20526 26470
20540 31936
20568 18237
20629 32278
20782 12849
20786 30369
20811 5256
20821 451
20844 5744
21082 4871
21089 30934
21160 11651
21258 19622
21292 29638
21441 834
21455 26195
21482 1567
21527 14966
21580 9749
21658 31379
21663 11119
21706 3751
21724 15115
21732 241
21735 25191
21787 24708
21822 29534
21829 20779
21886 26958
21908 7373
21987 20043
22010 12128
22045 22457
22047 24548
22239 26652
22249 18347
22340 17890
22358 32519
22370 31757
22390 2246
22429 10997
22481 30783
22631 22155
22652 13804
22658 25904
22737 25234
22753 21935
22901 1004
22929 17345
23002 14859
23013 19824
23056 27655
23071 23790
23131 25285
23134 9814
23150 13792
23152 14241
23161 7094
23201 7496
23264 31316
23360 9124
23413 7204
23500 29981
23517 20035
23576 14111
23578 24332
23682 9762
23808 12485
23858 24587
23901 25919
23913 25957
23915 17357
23947 25761
23969 15318
24111 538
24119 30631
24126 16613
24144 3158
24168 23937
24269 22135
24357 4960
24374 6254
24466 10585
24473 3328
24527 7889
24531 4816
24627 766
24679 23762
24769 31364
24918 18807
24926 11758
24981 25690
24998 6678
25024 10501
25089 14968
25108 9854
25113 7239
25177 22525
25243 1655
25284 6246
25334 31453
25436 12437
25485 26991
25551 10562
25570 6822
25614 28775
25636 30914
25653 17561
25685 27177
25783 20839
25871 15952
25974 11140
25976 3773
25989 19023
26007 16937
26053 6631
26073 32156
26185 6429
26212 7057
26226 24243
26259 26908
26460 3893
26492 30967
26553 8294
26565 8545
26566 31883
26576 18769
26580 22687
26629 24961
26684 20895
26712 28067
26718 31559
26745 6104
26752 16560
26785 30965
26799 17548
26808 11965
26824 9835
26845 9737
26925 10173
26951 24847
27004 27295
27014 15636
27018 7051
27155 8816
27262 7013
27447 5071
27458 1007
27488 23896
27498 317
27499 320
27501 2021
27602 5034
27614 28213
27715 22116
27735 470
27737 29395
27745 21358
27771 28578
27839 14463
27847 9017
27933 31270
28023 25151
28093 6575
28144 4559
28191 11927
28197 8389
28201 18758
28221 4674
28242 13158
28280 16867
28372 28400
28625 23765
28656 21552
28663 12941
28749 22391
28819 1344
28835 3219
28889 17222
29000 23566
29085 1561
29130 9643
29149 17064
29182 12220
29211 11747
29321 19917
29433 10642
29437 12935
29481 1087
29489 6316
29491 10790
29520 24248
29544 14178
29569 19304
29630 24138
29717 16179
29752 923
29799 2384
29815 212
29821 22752
29840 17489
29878 1678
30002 8733
30023 10202
30025 4509
30029 27981
30150 16210
30176 15305
30194 4120
30200 16047
30217 4648
30298 2252
30300 15216
30358 25694
30372 3608
30394 8649
30433 10990
30446 954
30454 20533
30466 12898
30507 9036
30523 11980
30613 28254
30663 26597
30752 8680
30779 10639
30816 6487
30828 31888
30844 23711
30867 25879
30896 20752
30950 26619
30991 13366
31008 20878
31027 5865
31077 4461
31176 17976
31209 4153
31210 1360
31291 21848
31402 29615
31550 28750
31609 10127
31639 31082
31692 28048
31721 27886
31732 4325
31771 27272
31830 1631
31925 11171
31930 29831
31952 6820
31960 13943
31974 21211
31995 13268
32021 16236
32047 6099
32120 5641
32232 25735
32233 10093
32261 11628
32304 394
32306 27778
32390 25921
32394 8633
32418 15236
32438 12515
32442 11839
32465 4240
32468 32553
32475 5001
32500 1716
32523 21589
32692 21473